single point
         canmx                      50.00000000000000    1.000000000000000    0.000000000000000
         ch_k2                      20.00000000000000    1.000000000000000    0.000000000000000
         ch_n2                      3.000000000000000    1.000000000000000    0.000000000000000
         ch_s2                      4.128894627978174    1.000000000000000    0.000000000000000
           cn2                      55.00000000000000    1.000000000000000    0.000000000000000
          epco                      0.5000000000000000    1.000000000000000    0.000000000000000
          esco                      0.4998957233177697    1.000000000000000    0.000000000000000
       flowmin                      50.00000000000000    1.000000000000000    0.000000000000000
hk0_i:10_j:10_zone:1                      18.00000000000000    1.000000000000000    0.000000000000000
hk0_i:10_j:30_zone:1                      10.00000000000000    1.000000000000000    0.000000000000000
hk0_i:10_j:50_zone:1                      0.5000000000000000    1.000000000000000    0.000000000000000
hk0_i:30_j:30_zone:1                      2.500000000000000    1.000000000000000    0.000000000000000
hk0_i:30_j:50_zone:1                      6.500000000000000    1.000000000000000    0.000000000000000
hk0_i:50_j:30_zone:1                      1.500000000000000    1.000000000000000    0.000000000000000
hk0_i:50_j:50_zone:1                      0.6800000000000000    1.000000000000000    0.000000000000000
hk0_i:70_j:50_zone:1                      2.890000000000000    1.000000000000000    0.000000000000000
hk0_i:90_j:50_zone:1                      1.650000000000000    1.000000000000000    0.000000000000000
     lat_ttime                      70.00000000000000    1.000000000000000    0.000000000000000
          ov_n                      30.00000000000000    1.000000000000000    0.000000000000000
        percop                      0.5000000000000000    1.000000000000000    0.000000000000000
           prf                      1.000000000000000    1.000000000000000    0.000000000000000
       sol_awc                      0.5138712684822193    1.000000000000000    0.000000000000000
        sol_bd                      1.000000000000000    1.000000000000000    0.000000000000000
         sol_k                      17.35959804757611    1.000000000000000    0.000000000000000
         sol_z                      997.2084228421899    1.000000000000000    0.000000000000000
ss0_i:10_j:10_zone:1                      3.245783122644574e-06    1.000000000000000    0.000000000000000
ss0_i:10_j:30_zone:1                      3.245814341993713e-06    1.000000000000000    0.000000000000000
ss0_i:10_j:50_zone:1                      3.245865403560347e-06    1.000000000000000    0.000000000000000
ss0_i:30_j:30_zone:1                      3.245817028019328e-06    1.000000000000000    0.000000000000000
ss0_i:30_j:50_zone:1                      3.245865361144365e-06    1.000000000000000    0.000000000000000
ss0_i:50_j:30_zone:1                      3.245819451858225e-06    1.000000000000000    0.000000000000000
ss0_i:50_j:50_zone:1                      3.245856654490852e-06    1.000000000000000    0.000000000000000
ss0_i:70_j:50_zone:1                      3.245859307723752e-06    1.000000000000000    0.000000000000000
ss0_i:90_j:50_zone:1                      3.245786922244491e-06    1.000000000000000    0.000000000000000
        surlag                      12.00000000000000    1.000000000000000    0.000000000000000
sy0_i:10_j:10_zone:1                      0.2000000000000000    1.000000000000000    0.000000000000000
sy0_i:10_j:30_zone:1                      0.3500000000000000    1.000000000000000    0.000000000000000
sy0_i:10_j:50_zone:1                      0.4500000000000000    1.000000000000000    0.000000000000000
sy0_i:30_j:30_zone:1                      0.3600000000000000    1.000000000000000    0.000000000000000
sy0_i:30_j:50_zone:1                      0.1700000000000000    1.000000000000000    0.000000000000000
sy0_i:50_j:30_zone:1                      0.08000000000000000    1.000000000000000    0.000000000000000
sy0_i:50_j:50_zone:1                      0.2900000000000000    1.000000000000000    0.000000000000000
sy0_i:70_j:50_zone:1                      0.4500000000000000    1.000000000000000    0.000000000000000
sy0_i:90_j:50_zone:1                      0.1600000000000000    1.000000000000000    0.000000000000000
