single point
         canmx                      50.00000000000000    1.000000000000000    0.000000000000000
         ch_k2                      20.00000000000000    1.000000000000000    0.000000000000000
         ch_n2                      2.219813804074571    1.000000000000000    0.000000000000000
         ch_s2                      4.737479404745842    1.000000000000000    0.000000000000000
           cn2                      55.00000000000000    1.000000000000000    0.000000000000000
          epco                      0.5000000000000000    1.000000000000000    0.000000000000000
          esco                      0.4999409380701108    1.000000000000000    0.000000000000000
       flowmin                      50.00000000000000    1.000000000000000    0.000000000000000
hk0_i:10_j:10_zone:1                      18.00000000000000    1.000000000000000    0.000000000000000
hk0_i:10_j:30_zone:1                      10.00000000000000    1.000000000000000    0.000000000000000
hk0_i:10_j:50_zone:1                      0.5000000000000000    1.000000000000000    0.000000000000000
hk0_i:30_j:30_zone:1                      2.500000000000000    1.000000000000000    0.000000000000000
hk0_i:30_j:50_zone:1                      6.500000000000000    1.000000000000000    0.000000000000000
hk0_i:50_j:30_zone:1                      1.500000000000000    1.000000000000000    0.000000000000000
hk0_i:50_j:50_zone:1                      0.6800000000000000    1.000000000000000    0.000000000000000
hk0_i:70_j:50_zone:1                      2.890000000000000    1.000000000000000    0.000000000000000
hk0_i:90_j:50_zone:1                      1.650000000000000    1.000000000000000    0.000000000000000
     lat_ttime                      70.00000000000000    1.000000000000000    0.000000000000000
          ov_n                      24.03818134995932    1.000000000000000    0.000000000000000
        percop                      0.5000000000000000    1.000000000000000    0.000000000000000
           prf                      1.000000000000000    1.000000000000000    0.000000000000000
       sol_awc                      0.5014490119688798    1.000000000000000    0.000000000000000
        sol_bd                      1.000000000000000    1.000000000000000    0.000000000000000
         sol_k                      19.36383557910015    1.000000000000000    0.000000000000000
         sol_z                      999.1653661538268    1.000000000000000    0.000000000000000
ss0_i:10_j:10_zone:1                      3.288167637250315e-06    1.000000000000000    0.000000000000000
ss0_i:10_j:30_zone:1                      3.288156349215679e-06    1.000000000000000    0.000000000000000
ss0_i:10_j:50_zone:1                      3.288185449857579e-06    1.000000000000000    0.000000000000000
ss0_i:30_j:30_zone:1                      3.288143681028657e-06    1.000000000000000    0.000000000000000
ss0_i:30_j:50_zone:1                      3.288175230872335e-06    1.000000000000000    0.000000000000000
ss0_i:50_j:30_zone:1                      3.288178039251322e-06    1.000000000000000    0.000000000000000
ss0_i:50_j:50_zone:1                      3.288176106936757e-06    1.000000000000000    0.000000000000000
ss0_i:70_j:50_zone:1                      3.288199137565701e-06    1.000000000000000    0.000000000000000
ss0_i:90_j:50_zone:1                      3.288149575633907e-06    1.000000000000000    0.000000000000000
        surlag                      12.00000000000000    1.000000000000000    0.000000000000000
sy0_i:10_j:10_zone:1                      0.2000000000000000    1.000000000000000    0.000000000000000
sy0_i:10_j:30_zone:1                      0.3500000000000000    1.000000000000000    0.000000000000000
sy0_i:10_j:50_zone:1                      0.4500000000000000    1.000000000000000    0.000000000000000
sy0_i:30_j:30_zone:1                      0.3600000000000000    1.000000000000000    0.000000000000000
sy0_i:30_j:50_zone:1                      0.1700000000000000    1.000000000000000    0.000000000000000
sy0_i:50_j:30_zone:1                      0.08000000000000000    1.000000000000000    0.000000000000000
sy0_i:50_j:50_zone:1                      0.2900000000000000    1.000000000000000    0.000000000000000
sy0_i:70_j:50_zone:1                      0.4500000000000000    1.000000000000000    0.000000000000000
sy0_i:90_j:50_zone:1                      0.1600000000000000    1.000000000000000    0.000000000000000
