single point
         canmx                      1.000000000000000    1.000000000000000   -1.000000000000000
         ch_k2                      1.000000000000000    1.000000000000000   -1.000000000000000
         ch_n2                      0.9999690604556115    1.000000000000000   -1.000000000000000
         ch_s2                      1.000196050539832    1.000000000000000   -1.000000000000000
           cn2                      1.000001157071601    1.000000000000000   -1.000000000000000
          epco                      1.000000000000000    1.000000000000000   -1.000000000000000
          esco                      1.000000120101684    1.000000000000000   -1.000000000000000
       flowmin                      1.000000000000000    1.000000000000000   -1.000000000000000
hk0_i:10_j:10_zone:1                      5.000000000000001    1.000000000000000    0.000000000000000
hk0_i:10_j:30_zone:1                      1.950000000000000    1.000000000000000    0.000000000000000
hk0_i:10_j:50_zone:1                      0.5000000000000000    1.000000000000000    0.000000000000000
hk0_i:30_j:30_zone:1                      2.500000000000000    1.000000000000000    0.000000000000000
hk0_i:30_j:50_zone:1                      6.500000000000000    1.000000000000000    0.000000000000000
hk0_i:50_j:30_zone:1                      1.500000000000000    1.000000000000000    0.000000000000000
hk0_i:50_j:50_zone:1                      0.6800000000000000    1.000000000000000    0.000000000000000
hk0_i:70_j:50_zone:1                      2.890000000000000    1.000000000000000    0.000000000000000
hk0_i:90_j:50_zone:1                      1.650000000000000    1.000000000000000    0.000000000000000
     lat_ttime                      1.000000000000000    1.000000000000000   -1.000000000000000
          ov_n                      1.042290174547442    1.000000000000000   -1.000000000000000
        percop                      1.000000000000000    1.000000000000000   -1.000000000000000
           prf                      1.000000000000000    1.000000000000000   -1.000000000000000
       sol_awc                      1.000020289269288    1.000000000000000   -1.000000000000000
        sol_bd                      0.9999999369138031    1.000000000000000   -1.000000000000000
         sol_k                      1.074099498643942    1.000000000000000   -1.000000000000000
         sol_z                      1.000013387509503    1.000000000000000   -1.000000000000000
ss0_i:10_j:10_zone:1                      3.299999999999997e-06    1.000000000000000    0.000000000000000
ss0_i:10_j:30_zone:1                      3.299999999999997e-06    1.000000000000000    0.000000000000000
ss0_i:10_j:50_zone:1                      3.299999999999997e-06    1.000000000000000    0.000000000000000
ss0_i:30_j:30_zone:1                      3.299999999999997e-06    1.000000000000000    0.000000000000000
ss0_i:30_j:50_zone:1                      3.299999999999997e-06    1.000000000000000    0.000000000000000
ss0_i:50_j:30_zone:1                      3.299999999999997e-06    1.000000000000000    0.000000000000000
ss0_i:50_j:50_zone:1                      3.299999999999997e-06    1.000000000000000    0.000000000000000
ss0_i:70_j:50_zone:1                      3.299999999999997e-06    1.000000000000000    0.000000000000000
ss0_i:90_j:50_zone:1                      3.299999999999997e-06    1.000000000000000    0.000000000000000
        surlag                      1.000000000000000    1.000000000000000   -1.000000000000000
sy0_i:10_j:10_zone:1                      0.2000000000000000    1.000000000000000    0.000000000000000
sy0_i:10_j:30_zone:1                      0.3500000000000000    1.000000000000000    0.000000000000000
sy0_i:10_j:50_zone:1                      0.4500000000000000    1.000000000000000    0.000000000000000
sy0_i:30_j:30_zone:1                      0.3600000000000000    1.000000000000000    0.000000000000000
sy0_i:30_j:50_zone:1                      0.1700000000000000    1.000000000000000    0.000000000000000
sy0_i:50_j:30_zone:1                      0.07999999999999999    1.000000000000000    0.000000000000000
sy0_i:50_j:50_zone:1                      0.2900000000000000    1.000000000000000    0.000000000000000
sy0_i:70_j:50_zone:1                      0.4500000000000000    1.000000000000000    0.000000000000000
sy0_i:90_j:50_zone:1                      0.1600000000000000    1.000000000000000    0.000000000000000
