 Yearly Averaged Recharge Values from SWAT
 
 year:        2005
  0.0000000E+00
  0.0000000E+00
  0.0000000E+00
  0.0000000E+00
  0.0000000E+00
  0.0000000E+00
  0.0000000E+00
  0.0000000E+00
  0.0000000E+00
  0.0000000E+00
  0.0000000E+00
  0.0000000E+00
  0.0000000E+00
  0.0000000E+00
  0.0000000E+00
  0.0000000E+00
  0.0000000E+00
  0.0000000E+00
  0.0000000E+00
  0.3443002    
  0.0000000E+00
  0.0000000E+00
  0.0000000E+00
  0.0000000E+00
  0.0000000E+00
  0.0000000E+00
  0.0000000E+00
  0.0000000E+00
  0.0000000E+00
  0.0000000E+00
  0.0000000E+00
  0.0000000E+00
  0.1402770    
  0.0000000E+00
  0.0000000E+00
  0.0000000E+00
  0.0000000E+00
  0.0000000E+00
  0.0000000E+00
  0.0000000E+00
  0.0000000E+00
  0.0000000E+00
  0.0000000E+00
  0.0000000E+00
  0.0000000E+00
  0.0000000E+00
  0.0000000E+00
  0.0000000E+00
  0.0000000E+00
  0.0000000E+00
  0.0000000E+00
  0.0000000E+00
  0.0000000E+00
  0.0000000E+00
  0.1531766    
  0.0000000E+00
  0.0000000E+00
  0.0000000E+00
  0.0000000E+00
  0.0000000E+00
  0.0000000E+00
  0.0000000E+00
  0.0000000E+00
  5.0775737E-02
  5.0653119E-02
  0.3595659    
  0.4225328    
  0.0000000E+00
  0.0000000E+00
  0.1532173    
  0.0000000E+00
  0.0000000E+00
  0.2101773    
  0.0000000E+00
  0.0000000E+00
  0.0000000E+00
  0.0000000E+00
  6.5152153E-02
  6.5436803E-02
  0.0000000E+00
  0.0000000E+00
  0.0000000E+00
  0.0000000E+00
  0.0000000E+00
  0.0000000E+00
  0.0000000E+00
  0.0000000E+00
  0.1693424    
  0.2075413    
  0.0000000E+00
  0.0000000E+00
  0.3190555    
  0.2497974    
  0.2105393    
  0.4678304    
  0.5419881    
  0.5381147    
  4.8650190E-02
  6.4282134E-02
  0.1641270    
  0.0000000E+00
  0.0000000E+00
  0.1329154    
  0.1282666    
  0.2244318    
  0.2153330    
  8.0726855E-03
  8.1382832E-03
  0.0000000E+00
  0.0000000E+00
  0.3718540    
  0.3215702    
  0.3189757    
  0.4335659    
  0.4302838    
  6.1273191E-02
  0.1641695    
  0.1328976    
  0.1318458    
  0.2238539    
  0.2217475    
  8.0726855E-03
  0.0000000E+00
  0.0000000E+00
  0.4239609    
  0.4855769    
  0.4687987    
  0.3833279    
  0.3687090    
  8.1063099E-02
  8.1208408E-02
  0.4423153    
  0.4044056    
  0.3887081    
  9.0468265E-02
  9.0305939E-02
  0.5059972    
  0.4926325    
  5.8598019E-02
  5.8729276E-02
  0.3408450    
  0.4049065    
  0.4018634    
  0.2850505    
  0.2963597    
  7.3790856E-02
  9.1016732E-02
  8.1494329E-03
  8.2126139E-03
  0.1487231    
  0.2058610    
  0.1973752    
  0.1120140    
  0.1180969    
  0.1487041    
  8.2111498E-03
  8.1513515E-03
  0.2052917    
  0.2032055    
  0.1180775    
  0.1132387    
  6.4514436E-02
  8.5153982E-02
  0.1511529    
  0.0000000E+00
  0.0000000E+00
  0.0000000E+00
  6.5300055E-03
  6.5812832E-03
  6.6380844E-02
  8.4879860E-02
  0.1995118    
  0.1905033    
  5.5907965E-02
  5.1863518E-02
  0.4552713    
  0.3425145    
  0.2232698    
  0.0000000E+00
  0.0000000E+00
  0.0000000E+00
  0.0000000E+00
  0.3419067    
  0.2659836    
  0.5183248    
  0.5151744    
  0.2353748    
  0.2222655    
  0.4897183    
  0.4726605    
  0.3495767    
  0.1846771    
  0.0000000E+00
  0.5496932    
  0.5346634    
  0.2696769    
  0.3498784    
  0.2303962    
  0.2184364    
 
 year:        2006
  0.0000000E+00
  0.0000000E+00
  0.0000000E+00
  0.0000000E+00
  0.0000000E+00
  0.0000000E+00
  0.0000000E+00
  0.0000000E+00
  0.0000000E+00
  0.0000000E+00
  0.0000000E+00
  0.0000000E+00
  0.0000000E+00
  0.0000000E+00
  0.0000000E+00
  0.0000000E+00
  0.0000000E+00
  0.0000000E+00
  0.0000000E+00
  0.2080961    
  0.0000000E+00
  0.0000000E+00
  0.0000000E+00
  0.0000000E+00
  0.0000000E+00
  0.0000000E+00
  0.0000000E+00
  0.0000000E+00
  0.0000000E+00
  0.0000000E+00
  0.0000000E+00
  0.0000000E+00
  6.9078051E-02
  0.0000000E+00
  0.0000000E+00
  0.0000000E+00
  0.0000000E+00
  0.0000000E+00
  0.0000000E+00
  0.0000000E+00
  0.0000000E+00
  0.0000000E+00
  0.0000000E+00
  0.0000000E+00
  0.0000000E+00
  0.0000000E+00
  0.0000000E+00
  0.0000000E+00
  0.0000000E+00
  0.0000000E+00
  0.0000000E+00
  0.0000000E+00
  0.0000000E+00
  0.0000000E+00
  4.9501691E-02
  0.0000000E+00
  0.0000000E+00
  0.0000000E+00
  0.0000000E+00
  0.0000000E+00
  0.0000000E+00
  0.0000000E+00
  0.0000000E+00
  0.0000000E+00
  0.0000000E+00
  0.1477430    
  0.2078196    
  0.0000000E+00
  0.0000000E+00
  4.9515791E-02
  0.0000000E+00
  0.0000000E+00
  7.7376448E-02
  0.0000000E+00
  0.0000000E+00
  0.0000000E+00
  0.0000000E+00
  6.8709687E-03
  6.9678631E-03
  0.0000000E+00
  0.0000000E+00
  0.0000000E+00
  0.0000000E+00
  0.0000000E+00
  0.0000000E+00
  0.0000000E+00
  0.0000000E+00
  1.0597572E-02
  1.8879522E-02
  0.0000000E+00
  0.0000000E+00
  6.0537077E-02
  4.0671837E-02
  2.9398112E-02
  0.1746651    
  0.2432578    
  0.2410721    
  0.0000000E+00
  1.5353641E-03
  5.4301966E-02
  0.0000000E+00
  0.0000000E+00
  3.5765331E-02
  3.3769052E-02
  8.7460682E-02
  8.2945757E-02
  0.0000000E+00
  0.0000000E+00
  0.0000000E+00
  0.0000000E+00
  0.1656642    
  0.1303497    
  0.1290497    
  0.2210996    
  0.2190705    
  0.0000000E+00
  5.4318018E-02
  3.5758086E-02
  3.5326552E-02
  8.7172665E-02
  8.6131409E-02
  0.0000000E+00
  0.0000000E+00
  0.0000000E+00
  0.2494041    
  0.3148035    
  0.3020306    
  0.2102898    
  0.2008296    
  2.0711618E-03
  2.0915393E-03
  0.2144252    
  0.1780522    
  0.1681515    
  0.0000000E+00
  0.0000000E+00
  0.2787590    
  0.2688505    
  0.0000000E+00
  0.0000000E+00
  0.1874945    
  0.2482646    
  0.2459607    
  0.1442232    
  0.1514489    
  8.4646642E-03
  1.8643523E-02
  0.0000000E+00
  0.0000000E+00
  6.0239416E-02
  9.8631792E-02
  9.3708552E-02
  3.6404043E-02
  3.9762616E-02
  6.0230669E-02
  0.0000000E+00
  0.0000000E+00
  9.8300718E-02
  9.7096048E-02
  3.9752156E-02
  3.7085049E-02
  3.6281818E-03
  7.7118604E-03
  4.3033827E-02
  0.0000000E+00
  0.0000000E+00
  0.0000000E+00
  0.0000000E+00
  0.0000000E+00
  3.8438046E-03
  7.6644709E-03
  9.8311797E-02
  9.1771767E-02
  0.0000000E+00
  0.0000000E+00
  0.2551967    
  0.1312052    
  5.5741962E-02
  0.0000000E+00
  0.0000000E+00
  0.0000000E+00
  0.0000000E+00
  0.1308052    
  7.8773588E-02
  0.3098124    
  0.3077658    
  4.1150447E-02
  3.4444213E-02
  0.1988173    
  0.1895765    
  5.8337137E-02
  1.3212848E-02
  0.0000000E+00
  0.2562118    
  0.2483242    
  3.2743204E-02
  5.8428369E-02
  4.5753885E-03
  3.8777292E-03
 
 year:        2007
  0.0000000E+00
  0.0000000E+00
  6.9188669E-02
  1.6134886E-02
  1.5937012E-02
  0.0000000E+00
  0.0000000E+00
  0.0000000E+00
  0.0000000E+00
  0.0000000E+00
  0.0000000E+00
  0.0000000E+00
  0.0000000E+00
  0.0000000E+00
  5.3583883E-02
  5.4093815E-02
  0.4227877    
  0.2701024    
  0.2709928    
   1.056580    
  0.0000000E+00
  0.0000000E+00
  0.4165007    
  0.4202949    
  0.0000000E+00
  0.0000000E+00
  0.2235403    
  4.2015095E-03
  1.5937077E-02
  1.6140757E-02
  0.0000000E+00
  0.0000000E+00
  0.5262805    
  0.0000000E+00
  0.0000000E+00
  0.0000000E+00
  0.0000000E+00
  0.0000000E+00
  0.0000000E+00
  0.0000000E+00
  0.0000000E+00
  0.0000000E+00
  0.0000000E+00
  0.0000000E+00
  0.0000000E+00
  0.0000000E+00
  0.0000000E+00
  0.0000000E+00
  0.0000000E+00
  0.0000000E+00
  0.0000000E+00
  0.0000000E+00
  0.0000000E+00
  0.0000000E+00
  0.5754020    
  0.1327201    
  0.1324391    
  0.0000000E+00
  0.0000000E+00
  3.5350107E-02
  3.7155692E-02
  0.2050106    
  0.1955889    
  0.5414798    
  0.5407061    
   1.141073    
   1.220621    
  0.1324570    
  0.1327133    
  0.5754973    
  3.5575520E-02
  3.7070256E-02
  0.6554309    
  9.3982428E-02
  9.3061402E-02
  0.0000000E+00
  0.0000000E+00
  0.2319729    
  0.2328639    
  0.0000000E+00
  0.0000000E+00
  5.1454991E-02
  5.5052932E-02
  0.0000000E+00
  0.0000000E+00
  0.0000000E+00
  0.0000000E+00
   1.027157    
   1.204665    
  0.3418150    
  0.3438357    
   1.374286    
   1.165359    
   1.036406    
   1.473938    
   1.538402    
   1.529016    
  0.2107715    
  0.2768903    
  0.5287047    
  0.0000000E+00
  0.0000000E+00
  0.4801494    
  0.4633637    
  0.6078011    
  0.5888491    
  0.1157126    
  0.1159830    
  0.0000000E+00
  0.0000000E+00
   1.082136    
   1.035598    
   1.029123    
   1.150250    
   1.142839    
  0.4907948    
  0.5288075    
  0.4800869    
  0.4763697    
  0.6065971    
  0.6022195    
  0.1157129    
  0.2000114    
  0.1986685    
   1.286520    
   1.368334    
   1.327235    
   1.227749    
   1.190958    
  0.7364109    
  0.7372602    
   1.370884    
   1.320406    
   1.279290    
  0.7791345    
  0.7780328    
   1.452005    
   1.417523    
  0.4236952    
  0.4244448    
  0.9994483    
   1.080267    
   1.073167    
  0.9203190    
  0.9476835    
  0.2862335    
  0.3573465    
  7.7719077E-02
  7.7900454E-02
  0.4903662    
  0.5687804    
  0.5508419    
  0.4264006    
  0.4443332    
  0.4903221    
  7.7896312E-02
  7.7724367E-02
  0.5675511    
  0.5631458    
  0.4442781    
  0.4300860    
  0.3330997    
  0.4340045    
  0.5799423    
  0.0000000E+00
  0.0000000E+00
  0.0000000E+00
  7.1565032E-02
  7.1815327E-02
  0.3423797    
  0.4329576    
  0.6635925    
  0.6401816    
  0.2636987    
  0.2431292    
   1.404906    
   1.255637    
  0.9440824    
  0.3769678    
  0.3793145    
  0.1085624    
  0.1081166    
   1.254220    
   1.060864    
   1.527833    
   1.520009    
   1.092887    
   1.055074    
   1.577650    
   1.533443    
   1.424829    
  0.9127687    
  0.3663679    
   1.660435    
   1.620793    
   1.181231    
   1.425675    
   1.234298    
   1.191266    
 
 year:        2008
  0.0000000E+00
  0.0000000E+00
  0.0000000E+00
  0.0000000E+00
  0.0000000E+00
  0.0000000E+00
  0.0000000E+00
  0.0000000E+00
  0.0000000E+00
  0.0000000E+00
  0.0000000E+00
  0.0000000E+00
  0.0000000E+00
  0.0000000E+00
  0.0000000E+00
  0.0000000E+00
  0.0000000E+00
  0.0000000E+00
  0.0000000E+00
  0.1300925    
  0.0000000E+00
  0.0000000E+00
  0.0000000E+00
  0.0000000E+00
  0.0000000E+00
  0.0000000E+00
  0.0000000E+00
  0.0000000E+00
  0.0000000E+00
  0.0000000E+00
  0.0000000E+00
  0.0000000E+00
  5.0987113E-02
  0.0000000E+00
  0.0000000E+00
  0.0000000E+00
  0.0000000E+00
  0.0000000E+00
  0.0000000E+00
  0.0000000E+00
  0.0000000E+00
  0.0000000E+00
  0.0000000E+00
  0.0000000E+00
  0.0000000E+00
  0.0000000E+00
  0.0000000E+00
  0.0000000E+00
  0.0000000E+00
  0.0000000E+00
  0.0000000E+00
  0.0000000E+00
  0.0000000E+00
  0.0000000E+00
  4.9156100E-02
  0.0000000E+00
  0.0000000E+00
  0.0000000E+00
  0.0000000E+00
  0.0000000E+00
  0.0000000E+00
  0.0000000E+00
  0.0000000E+00
  0.0000000E+00
  0.0000000E+00
  0.1413292    
  0.1764654    
  0.0000000E+00
  0.0000000E+00
  4.9173594E-02
  0.0000000E+00
  0.0000000E+00
  8.1041127E-02
  0.0000000E+00
  0.0000000E+00
  0.0000000E+00
  0.0000000E+00
  1.0879509E-02
  1.0951675E-02
  0.0000000E+00
  0.0000000E+00
  0.0000000E+00
  0.0000000E+00
  0.0000000E+00
  0.0000000E+00
  0.0000000E+00
  0.0000000E+00
  8.7368628E-03
  1.9727811E-02
  0.0000000E+00
  0.0000000E+00
  9.4430469E-02
  5.7890140E-02
  3.7182704E-02
  0.1878970    
  0.2238508    
  0.2220840    
  0.0000000E+00
  0.0000000E+00
  4.7940008E-02
  0.0000000E+00
  0.0000000E+00
  3.7679527E-02
  3.5695553E-02
  8.0701292E-02
  7.6709218E-02
  0.0000000E+00
  0.0000000E+00
  0.0000000E+00
  0.0000000E+00
  0.1401226    
  0.1218189    
  0.1207322    
  0.1755807    
  0.1740970    
  0.0000000E+00
  4.7952995E-02
  3.7672795E-02
  3.7247155E-02
  8.0441043E-02
  7.9498790E-02
  0.0000000E+00
  0.0000000E+00
  0.0000000E+00
  0.1692761    
  0.2040226    
  0.1956790    
  0.1523870    
  0.1469121    
  0.0000000E+00
  0.0000000E+00
  0.1605829    
  0.1464093    
  0.1404659    
  0.0000000E+00
  0.0000000E+00
  0.1929153    
  0.1868723    
  0.0000000E+00
  0.0000000E+00
  0.1335721    
  0.1567985    
  0.1555621    
  0.1122233    
  0.1165054    
  2.6005034E-03
  8.4615275E-03
  0.0000000E+00
  0.0000000E+00
  4.7290388E-02
  7.3984861E-02
  7.0908248E-02
  2.8340036E-02
  3.1367004E-02
  4.7282342E-02
  0.0000000E+00
  0.0000000E+00
  7.3771216E-02
  7.3019616E-02
  3.1358518E-02
  2.8986484E-02
  0.0000000E+00
  3.3415551E-03
  3.0724173E-02
  0.0000000E+00
  0.0000000E+00
  0.0000000E+00
  0.0000000E+00
  0.0000000E+00
  0.0000000E+00
  3.2775633E-03
  5.9428699E-02
  5.6035098E-02
  0.0000000E+00
  0.0000000E+00
  0.1482953    
  8.6608954E-02
  4.5475360E-02
  0.0000000E+00
  0.0000000E+00
  0.0000000E+00
  0.0000000E+00
  8.6407386E-02
  5.8565460E-02
  0.1843583    
  0.1828348    
  4.1051388E-02
  3.7725367E-02
  0.1278596    
  0.1220310    
  4.8750080E-02
  1.3353103E-02
  0.0000000E+00
  0.1637755    
  0.1578977    
  2.8350629E-02
  4.8849873E-02
  6.1498471E-03
  3.8209376E-03
 
 year:        2009
  0.0000000E+00
  0.0000000E+00
  4.6148274E-02
  5.3055394E-03
  5.1772092E-03
  0.0000000E+00
  0.0000000E+00
  0.0000000E+00
  0.0000000E+00
  0.0000000E+00
  0.0000000E+00
  0.0000000E+00
  0.0000000E+00
  0.0000000E+00
  0.0000000E+00
  0.0000000E+00
  0.2189128    
  0.1368058    
  0.1371921    
  0.5321984    
  0.0000000E+00
  0.0000000E+00
  8.8257849E-02
  8.9960292E-02
  0.0000000E+00
  0.0000000E+00
  5.6329336E-02
  0.0000000E+00
  5.1773475E-03
  5.3093862E-03
  0.0000000E+00
  0.0000000E+00
  0.2592827    
  0.0000000E+00
  0.0000000E+00
  0.0000000E+00
  0.0000000E+00
  0.0000000E+00
  0.0000000E+00
  0.0000000E+00
  0.0000000E+00
  0.0000000E+00
  0.0000000E+00
  0.0000000E+00
  0.0000000E+00
  0.0000000E+00
  0.0000000E+00
  0.0000000E+00
  0.0000000E+00
  0.0000000E+00
  0.0000000E+00
  0.0000000E+00
  0.0000000E+00
  0.0000000E+00
  0.2892801    
  8.8798411E-02
  8.8694945E-02
  0.0000000E+00
  0.0000000E+00
  0.0000000E+00
  0.0000000E+00
  0.1385471    
  0.1331742    
  0.2702070    
  0.2699188    
  0.5481600    
  0.5979782    
  8.8699564E-02
  8.8795952E-02
  0.2893196    
  0.0000000E+00
  0.0000000E+00
  0.3291895    
  5.5472489E-02
  5.5033583E-02
  0.0000000E+00
  0.0000000E+00
  0.1312190    
  0.1316226    
  0.0000000E+00
  0.0000000E+00
  2.4559826E-02
  2.6034689E-02
  0.0000000E+00
  0.0000000E+00
  0.0000000E+00
  0.0000000E+00
  0.4272377    
  0.5092728    
  6.3403629E-02
  6.4713001E-02
  0.6366542    
  0.5279731    
  0.4636151    
  0.7343224    
  0.7901825    
  0.7848730    
  0.1254041    
  0.1564314    
  0.2898962    
  0.0000000E+00
  0.0000000E+00
  0.2557048    
  0.2475321    
  0.3291812    
  0.3193840    
  9.0271622E-02
  9.0377755E-02
  0.0000000E+00
  0.0000000E+00
  0.5523612    
  0.5094329    
  0.5062355    
  0.6070350    
  0.6030492    
  0.2833228    
  0.2899346    
  0.2556799    
  0.2539703    
  0.3285345    
  0.3263753    
  9.0274684E-02
  7.3999660E-03
  6.4818882E-03
  0.6273475    
  0.6764252    
  0.6553204    
  0.5989028    
  0.5802059    
  0.3189074    
  0.3193872    
  0.7445410    
  0.7199426    
  0.6995494    
  0.3558622    
  0.3553818    
  0.8262873    
  0.8049440    
  0.2452657    
  0.2455445    
  0.5231317    
  0.5651154    
  0.5615488    
  0.4777922    
  0.4923986    
  0.1552412    
  0.1938583    
  7.5294152E-02
  7.5388417E-02
  0.2630475    
  0.3035276    
  0.2939337    
  0.2289499    
  0.2384951    
  0.2630244    
  7.5386189E-02
  7.5296223E-02
  0.3028701    
  0.3006166    
  0.2384669    
  0.2308678    
  0.1247651    
  0.1714762    
  0.2463188    
  0.0000000E+00
  0.0000000E+00
  0.0000000E+00
  4.5656044E-02
  4.5736916E-02
  0.1289977    
  0.1709870    
  0.2897349    
  0.2794662    
  0.1078798    
  0.1001258    
  0.6125993    
  0.5325866    
  0.3893512    
  0.0000000E+00
  0.0000000E+00
  0.0000000E+00
  0.0000000E+00
  0.5319275    
  0.4434597    
  0.6623904    
  0.6586744    
  0.4329121    
  0.4151137    
  0.7039306    
  0.6805803    
  0.5647765    
  0.3328241    
  0.0000000E+00
  0.7807735    
  0.7591513    
  0.4550121    
  0.5651307    
  0.4246972    
  0.4049647    
 
 year:        2010
  0.0000000E+00
  0.0000000E+00
  0.1103695    
  8.9384064E-02
  8.9235283E-02
  0.0000000E+00
  0.0000000E+00
  0.1022247    
  0.1034817    
  0.0000000E+00
  0.0000000E+00
  6.4518660E-02
  6.3565172E-02
  0.0000000E+00
  0.1250139    
  0.1256438    
  0.2676649    
  0.1954619    
  0.1957970    
  0.7379956    
  0.1761424    
  0.1764886    
  0.3518496    
  0.3532727    
  0.1058945    
  0.1061344    
  0.2588271    
  9.1008782E-02
  8.9235805E-02
  8.9388214E-02
  0.0000000E+00
  0.0000000E+00
  0.3820516    
  0.1021352    
  0.1035186    
  0.0000000E+00
  0.0000000E+00
  6.4518787E-02
  6.3569173E-02
  0.0000000E+00
  0.0000000E+00
  0.0000000E+00
  0.0000000E+00
  0.0000000E+00
  2.2448443E-02
  2.2764355E-02
  0.0000000E+00
  0.0000000E+00
  0.0000000E+00
  0.0000000E+00
  0.0000000E+00
  0.0000000E+00
  0.0000000E+00
  0.0000000E+00
  0.4516531    
  0.1271170    
  0.1270047    
  0.0000000E+00
  0.0000000E+00
  0.1646577    
  0.1666588    
  0.2033050    
  0.1973343    
  0.3439903    
  0.3433898    
  0.8729752    
  0.9502274    
  0.1270112    
  0.1271145    
  0.4517270    
  0.1648990    
  0.1665631    
  0.5276759    
  0.1129691    
  0.1125610    
  5.8257014E-02
  5.8297202E-02
  0.1928630    
  0.1934955    
  0.0000000E+00
  0.0000000E+00
  6.5770529E-02
  6.7718916E-02
  2.4400864E-02
  2.4684319E-02
  7.5105414E-02
  7.8383610E-02
  0.6284367    
  0.7409896    
  0.3818515    
  0.3833751    
  0.8932511    
  0.7560220    
  0.6711807    
   1.046277    
   1.109458    
   1.102716    
  0.1481160    
  0.1865558    
  0.4329293    
  0.0000000E+00
  0.0000000E+00
  0.3842287    
  0.3719736    
  0.5016304    
  0.4867397    
  0.1146106    
  0.1147141    
  0.1591298    
  0.1572090    
  0.8133644    
  0.7577654    
  0.7532361    
  0.8828046    
  0.8772659    
  0.3248944    
  0.4329964    
  0.3841872    
  0.3815773    
  0.5006600    
  0.4972756    
  0.1146128    
  0.3337182    
  0.3324943    
  0.9095923    
  0.9794374    
  0.9489568    
  0.8514180    
  0.8257259    
  0.4432586    
  0.4437740    
  0.9870621    
  0.9307209    
  0.9017541    
  0.5191193    
  0.5185174    
   1.057275    
   1.032111    
  0.3285926    
  0.3289919    
  0.7685520    
  0.8327451    
  0.8275402    
  0.6921417    
  0.7118154    
  0.2330323    
  0.2860121    
  0.1121084    
  0.1122369    
  0.4058440    
  0.4654596    
  0.4516685    
  0.3469398    
  0.3605263    
  0.4058086    
  0.1122346    
  0.1121112    
  0.4645383    
  0.4611667    
  0.3604860    
  0.3497376    
  0.2021334    
  0.2623167    
  0.3379995    
  0.0000000E+00
  0.0000000E+00
  0.0000000E+00
  0.1074496    
  0.1075572    
  0.2076505    
  0.2617030    
  0.3934020    
  0.3790821    
  0.1748299    
  0.1644109    
  0.7778908    
  0.6442215    
  0.4805084    
  0.2273981    
  0.2291720    
  6.5778740E-02
  6.5338291E-02
  0.6433840    
  0.5409677    
  0.8334056    
  0.8287500    
  0.5574458    
  0.5375377    
  0.8346078    
  0.8096201    
  0.7287300    
  0.4704854    
  0.2541209    
  0.8983419    
  0.8754910    
  0.6074600    
  0.7291554    
  0.6495585    
  0.6264231    
 
 year:        2011
  0.0000000E+00
  0.0000000E+00
  0.0000000E+00
  0.0000000E+00
  0.0000000E+00
  0.0000000E+00
  0.0000000E+00
  0.0000000E+00
  0.0000000E+00
  0.0000000E+00
  0.0000000E+00
  0.0000000E+00
  0.0000000E+00
  0.0000000E+00
  0.0000000E+00
  0.0000000E+00
  0.0000000E+00
  0.0000000E+00
  0.0000000E+00
  0.3360523    
  0.0000000E+00
  0.0000000E+00
  0.0000000E+00
  0.0000000E+00
  0.0000000E+00
  0.0000000E+00
  0.0000000E+00
  0.0000000E+00
  0.0000000E+00
  0.0000000E+00
  0.0000000E+00
  0.0000000E+00
  0.1636073    
  0.0000000E+00
  0.0000000E+00
  0.0000000E+00
  0.0000000E+00
  0.0000000E+00
  0.0000000E+00
  0.0000000E+00
  0.0000000E+00
  0.0000000E+00
  0.0000000E+00
  0.0000000E+00
  0.0000000E+00
  0.0000000E+00
  0.0000000E+00
  0.0000000E+00
  0.0000000E+00
  0.0000000E+00
  0.0000000E+00
  0.0000000E+00
  0.0000000E+00
  0.0000000E+00
  0.1778919    
  1.1915793E-02
  1.1841643E-02
  0.0000000E+00
  0.0000000E+00
  0.0000000E+00
  0.0000000E+00
  0.0000000E+00
  0.0000000E+00
  0.1212061    
  0.1209986    
  0.3605494    
  0.4089182    
  1.1846425E-02
  1.1913977E-02
  0.1779273    
  0.0000000E+00
  0.0000000E+00
  0.2220600    
  0.0000000E+00
  0.0000000E+00
  0.0000000E+00
  0.0000000E+00
  6.7989193E-02
  6.8252429E-02
  0.0000000E+00
  0.0000000E+00
  0.0000000E+00
  0.0000000E+00
  0.0000000E+00
  0.0000000E+00
  0.0000000E+00
  0.0000000E+00
  0.2031966    
  0.2520312    
  0.0000000E+00
  0.0000000E+00
  0.3710935    
  0.2958772    
  0.2494897    
  0.5169196    
  0.5674994    
  0.5636346    
  5.2256189E-02
  7.0642717E-02
  0.1882817    
  0.0000000E+00
  0.0000000E+00
  0.1565140    
  0.1503434    
  0.2331331    
  0.2253817    
  1.3906720E-02
  1.3990634E-02
  0.0000000E+00
  0.0000000E+00
  0.3762144    
  0.3435759    
  0.3412822    
  0.4217146    
  0.4188249    
  0.1256947    
  0.1883183    
  0.1564919    
  0.1551557    
  0.2326381    
  0.2308708    
  1.3906720E-02
  3.9511530E-08
  3.9273175E-08
  0.4222791    
  0.4561157    
  0.4416612    
  0.3930172    
  0.3803189    
  0.1391396    
  0.1393823    
  0.4581766    
  0.4289308    
  0.4143613    
  5.6486607E-02
  5.6328401E-02
  0.4963434    
  0.4835236    
  9.5271774E-02
  9.5470287E-02
  0.3550957    
  0.3886899    
  0.3861007    
  0.3136352    
  0.3234605    
  8.2859911E-02
  0.1072856    
  4.5934692E-05
  7.0317023E-05
  0.1776252    
  0.2168339    
  0.2096454    
  0.1414382    
  0.1484482    
  0.1776071    
  6.9753311E-05
  4.6674933E-05
  0.2163498    
  0.2146008    
  0.1484271    
  0.1428756    
  0.1016753    
  0.1338214    
  0.1770671    
  0.0000000E+00
  0.0000000E+00
  0.0000000E+00
  2.1603996E-02
  2.1708673E-02
  0.1045803    
  0.1334841    
  0.2143504    
  0.2054503    
  8.3557881E-02
  7.7907160E-02
  0.4129312    
  0.3358080    
  0.2452843    
  0.0000000E+00
  0.0000000E+00
  0.0000000E+00
  0.0000000E+00
  0.3353621    
  0.2765246    
  0.4629334    
  0.4601523    
  0.2852931    
  0.2744920    
  0.4447378    
  0.4290868    
  0.3419823    
  0.2075977    
  0.0000000E+00
  0.5166308    
  0.5019763    
  0.2808754    
  0.3421830    
  0.2628876    
  0.2505626    
 
 year:        2012
  0.0000000E+00
  0.0000000E+00
  3.9103109E-02
  2.0320851E-03
  1.8747502E-03
  0.0000000E+00
  0.0000000E+00
  0.0000000E+00
  0.0000000E+00
  0.0000000E+00
  0.0000000E+00
  0.0000000E+00
  0.0000000E+00
  0.0000000E+00
  0.0000000E+00
  0.0000000E+00
  0.2480345    
  0.1199357    
  0.1202570    
  0.7404044    
  0.0000000E+00
  0.0000000E+00
  5.7525780E-02
  5.9715837E-02
  0.0000000E+00
  0.0000000E+00
  3.3191547E-02
  0.0000000E+00
  1.8747548E-03
  2.0366809E-03
  0.0000000E+00
  0.0000000E+00
  0.3583487    
  0.0000000E+00
  0.0000000E+00
  0.0000000E+00
  0.0000000E+00
  0.0000000E+00
  0.0000000E+00
  0.0000000E+00
  0.0000000E+00
  0.0000000E+00
  0.0000000E+00
  0.0000000E+00
  0.0000000E+00
  0.0000000E+00
  0.0000000E+00
  0.0000000E+00
  0.0000000E+00
  0.0000000E+00
  0.0000000E+00
  0.0000000E+00
  0.0000000E+00
  0.0000000E+00
  0.3344609    
  6.5938726E-02
  6.5830618E-02
  0.0000000E+00
  0.0000000E+00
  0.0000000E+00
  0.0000000E+00
  8.6132638E-02
  8.2203522E-02
  0.2769950    
  0.2765905    
  0.7363942    
  0.8028095    
  6.5837614E-02
  6.5935992E-02
  0.3345236    
  0.0000000E+00
  0.0000000E+00
  0.4087645    
  3.3528652E-02
  3.3081736E-02
  0.0000000E+00
  0.0000000E+00
  0.1119167    
  0.1122856    
  0.0000000E+00
  0.0000000E+00
  1.8651640E-02
  1.9769147E-02
  0.0000000E+00
  0.0000000E+00
  0.0000000E+00
  0.0000000E+00
  0.5588048    
  0.6588714    
  0.0000000E+00
  0.0000000E+00
  0.7939948    
  0.6703930    
  0.5967799    
  0.9635653    
   1.052827    
   1.046368    
  9.6991226E-02
  0.1317898    
  0.3050196    
  0.0000000E+00
  0.0000000E+00
  0.2736690    
  0.2646361    
  0.3720694    
  0.3599039    
  5.0067917E-02
  5.0172899E-02
  0.0000000E+00
  0.0000000E+00
  0.6641349    
  0.6286413    
  0.6245813    
  0.7314573    
  0.7268221    
  0.2467954    
  0.3050714    
  0.2736353    
  0.2716402    
  0.3712932    
  0.3685004    
  5.0067928E-02
  0.0000000E+00
  0.0000000E+00
  0.7973797    
  0.8418924    
  0.8179911    
  0.7817209    
  0.7588562    
  0.3782380    
  0.3785786    
  0.9629385    
  0.9283801    
  0.8998879    
  0.4295397    
  0.4289143    
   1.019628    
  0.9970858    
  0.2515678    
  0.2519857    
  0.6593676    
  0.7006008    
  0.6964604    
  0.6233822    
  0.6408603    
  0.1986274    
  0.2467936    
  4.4234034E-02
  4.4335485E-02
  0.3304619    
  0.3751607    
  0.3642793    
  0.3015310    
  0.3140395    
  0.3304347    
  4.4333175E-02
  4.4237074E-02
  0.3744185    
  0.3717330    
  0.3140009    
  0.3040877    
  0.1618223    
  0.2139063    
  0.3014460    
  0.0000000E+00
  0.0000000E+00
  0.0000000E+00
  3.5762582E-02
  3.5849292E-02
  0.1665869    
  0.2133732    
  0.3570410    
  0.3440372    
  0.1275583    
  0.1172184    
  0.7861844    
  0.6578606    
  0.4819220    
  0.0000000E+00
  0.0000000E+00
  0.0000000E+00
  0.0000000E+00
  0.6570634    
  0.5485044    
  0.8532196    
  0.8487138    
  0.5245621    
  0.5035218    
  0.9292393    
  0.9019008    
  0.7525322    
  0.4591487    
  0.0000000E+00
   1.013286    
  0.9885364    
  0.6146132    
  0.7530043    
  0.6065480    
  0.5833305    
 
 year:        2013
  0.0000000E+00
  0.0000000E+00
  0.0000000E+00
  0.0000000E+00
  0.0000000E+00
  0.0000000E+00
  0.0000000E+00
  0.0000000E+00
  0.0000000E+00
  0.0000000E+00
  0.0000000E+00
  0.0000000E+00
  0.0000000E+00
  0.0000000E+00
  0.0000000E+00
  0.0000000E+00
  1.8082071E-02
  0.0000000E+00
  0.0000000E+00
  0.4935756    
  0.0000000E+00
  0.0000000E+00
  0.0000000E+00
  0.0000000E+00
  0.0000000E+00
  0.0000000E+00
  0.0000000E+00
  0.0000000E+00
  0.0000000E+00
  0.0000000E+00
  0.0000000E+00
  0.0000000E+00
  0.2121399    
  0.0000000E+00
  0.0000000E+00
  0.0000000E+00
  0.0000000E+00
  0.0000000E+00
  0.0000000E+00
  0.0000000E+00
  0.0000000E+00
  0.0000000E+00
  0.0000000E+00
  0.0000000E+00
  0.0000000E+00
  0.0000000E+00
  0.0000000E+00
  0.0000000E+00
  0.0000000E+00
  0.0000000E+00
  0.0000000E+00
  0.0000000E+00
  0.0000000E+00
  0.0000000E+00
  0.2583193    
  0.0000000E+00
  0.0000000E+00
  0.0000000E+00
  0.0000000E+00
  0.0000000E+00
  0.0000000E+00
  0.0000000E+00
  0.0000000E+00
  0.1317987    
  0.1315447    
  0.5602155    
  0.6303941    
  0.0000000E+00
  0.0000000E+00
  0.2583595    
  0.0000000E+00
  0.0000000E+00
  0.3105755    
  0.0000000E+00
  0.0000000E+00
  0.0000000E+00
  0.0000000E+00
  8.9695796E-02
  9.0102099E-02
  0.0000000E+00
  0.0000000E+00
  0.0000000E+00
  0.0000000E+00
  0.0000000E+00
  0.0000000E+00
  0.0000000E+00
  0.0000000E+00
  0.3818820    
  0.4662282    
  0.0000000E+00
  0.0000000E+00
  0.6529962    
  0.5364624    
  0.4658287    
  0.7753982    
  0.8946622    
  0.8884086    
  7.8103691E-02
  0.1118713    
  0.2775718    
  0.0000000E+00
  0.0000000E+00
  0.2510594    
  0.2429823    
  0.3251324    
  0.3153085    
  0.0000000E+00
  0.0000000E+00
  0.0000000E+00
  0.0000000E+00
  0.5709700    
  0.5309315    
  0.5276586    
  0.6355562    
  0.6313227    
  0.1677405    
  0.2776175    
  0.2510303    
  0.2492754    
  0.3244881    
  0.3222047    
  0.0000000E+00
  4.8899423E-02
  4.8569698E-02
  0.6867574    
  0.7520205    
  0.7290236    
  0.6405277    
  0.6190846    
  0.2830200    
  0.2831576    
  0.7583191    
  0.7088737    
  0.6844043    
  0.1906539    
  0.1902416    
  0.8779138    
  0.8561133    
  0.1444431    
  0.1447450    
  0.5541553    
  0.6210374    
  0.6168818    
  0.4955534    
  0.5112718    
  0.1457855    
  0.1815775    
  1.9612943E-03
  2.0026292E-03
  0.2618057    
  0.3111530    
  0.3009761    
  0.2272379    
  0.2367004    
  0.2617830    
  2.0017084E-03
  1.9623914E-03
  0.3104480    
  0.3079646    
  0.2366713    
  0.2291631    
  0.1131169    
  0.1570975    
  0.2451077    
  0.0000000E+00
  0.0000000E+00
  0.0000000E+00
  1.1279071E-03
  1.1665592E-03
  0.1171526    
  0.1566481    
  0.2945130    
  0.2838800    
  7.0258260E-02
  6.2304989E-02
  0.6506764    
  0.5135016    
  0.3573460    
  9.2291608E-03
  9.6833631E-03
  0.0000000E+00
  0.0000000E+00
  0.5128072    
  0.4165027    
  0.7202609    
  0.7162680    
  0.3710434    
  0.3558144    
  0.7213066    
  0.6966246    
  0.5552673    
  0.3113873    
  0.0000000E+00
  0.8172638    
  0.7938231    
  0.4347533    
  0.5557253    
  0.3822367    
  0.3636950    
 
 year:        2014
  0.0000000E+00
  0.0000000E+00
  0.0000000E+00
  0.0000000E+00
  0.0000000E+00
  0.0000000E+00
  0.0000000E+00
  0.0000000E+00
  0.0000000E+00
  0.0000000E+00
  0.0000000E+00
  0.0000000E+00
  0.0000000E+00
  0.0000000E+00
  0.0000000E+00
  0.0000000E+00
  3.5190035E-02
  6.0166256E-03
  6.1881198E-03
  0.3745341    
  0.0000000E+00
  0.0000000E+00
  0.0000000E+00
  0.0000000E+00
  0.0000000E+00
  0.0000000E+00
  0.0000000E+00
  0.0000000E+00
  0.0000000E+00
  0.0000000E+00
  0.0000000E+00
  0.0000000E+00
  0.1470702    
  0.0000000E+00
  0.0000000E+00
  0.0000000E+00
  0.0000000E+00
  0.0000000E+00
  0.0000000E+00
  0.0000000E+00
  0.0000000E+00
  0.0000000E+00
  0.0000000E+00
  0.0000000E+00
  0.0000000E+00
  0.0000000E+00
  0.0000000E+00
  0.0000000E+00
  0.0000000E+00
  0.0000000E+00
  0.0000000E+00
  0.0000000E+00
  0.0000000E+00
  0.0000000E+00
  0.1422671    
  0.0000000E+00
  0.0000000E+00
  0.0000000E+00
  0.0000000E+00
  0.0000000E+00
  0.0000000E+00
  0.0000000E+00
  0.0000000E+00
  5.7335012E-02
  5.7219289E-02
  0.3743021    
  0.4295536    
  0.0000000E+00
  0.0000000E+00
  0.1423013    
  0.0000000E+00
  0.0000000E+00
  0.1932478    
  0.0000000E+00
  0.0000000E+00
  0.0000000E+00
  0.0000000E+00
  3.0411018E-02
  3.0597884E-02
  0.0000000E+00
  0.0000000E+00
  0.0000000E+00
  0.0000000E+00
  0.0000000E+00
  0.0000000E+00
  0.0000000E+00
  0.0000000E+00
  0.2725665    
  0.3380488    
  0.0000000E+00
  0.0000000E+00
  0.4496424    
  0.3747807    
  0.3270418    
  0.5299216    
  0.5796658    
  0.5758288    
  2.4813097E-02
  3.5798650E-02
  0.1736191    
  0.0000000E+00
  0.0000000E+00
  0.1475021    
  0.1414323    
  0.2276407    
  0.2189574    
  0.0000000E+00
  0.0000000E+00
  0.0000000E+00
  0.0000000E+00
  0.4138899    
  0.3721557    
  0.3693117    
  0.4770557    
  0.4735005    
  5.9896119E-02
  0.1736582    
  0.1474787    
  0.1461784    
  0.2270904    
  0.2250949    
  0.0000000E+00
  7.3606387E-02
  7.3309205E-02
  0.4997161    
  0.5603927    
  0.5417201    
  0.4613311    
  0.4457751    
  0.2117516    
  0.2118020    
  0.5301585    
  0.5148633    
  0.4982616    
  0.1303495    
  0.1300633    
  0.5658872    
  0.5519624    
  7.2167039E-02
  7.2311133E-02
  0.3915172    
  0.4532615    
  0.4501010    
  0.3450742    
  0.3565059    
  7.5788639E-02
  0.1024971    
  4.9116920E-07
  5.0104757E-07
  0.1705714    
  0.2118481    
  0.2042585    
  0.1390722    
  0.1463286    
  0.1705537    
  5.0082781E-07
  4.9143097E-07
  0.2113397    
  0.2094773    
  0.1463061    
  0.1405583    
  5.8651619E-02
  8.6011395E-02
  0.1570741    
  0.0000000E+00
  0.0000000E+00
  0.0000000E+00
  9.3589797E-06
  9.6697804E-06
  6.1196994E-02
  8.5734956E-02
  0.2087708    
  0.1996327    
  2.7100796E-02
  2.4134919E-02
  0.4680165    
  0.3707043    
  0.2590728    
  4.6399370E-02
  4.6675351E-02
  0.0000000E+00
  0.0000000E+00
  0.3701869    
  0.3008147    
  0.5252888    
  0.5219598    
  0.2751870    
  0.2628686    
  0.4305663    
  0.4158757    
  0.3790180    
  0.2275404    
  0.0000000E+00
  0.4908409    
  0.4754423    
  0.3069893    
  0.3793005    
  0.2839831    
  0.2706000    
 
