 Monthly Averaged GW/SW Rates for SWAT
 
 month:           1 year:        2005
           1  -66129.03    
           2  -7368.395    
           3  -3078.684    
           4  -7894.306    
           5  -12239.80    
 
 month:           2 year:        2005
           1  -90300.52    
           2  -10135.92    
           3  -4223.228    
           4  -10864.24    
           5  -16730.36    
 
 month:           3 year:        2005
           1  -100738.5    
           2  -10996.14    
           3  -4611.753    
           4  -11765.38    
           5  -18569.59    
 
 month:           4 year:        2005
           1  -18579.29    
           2  -2097.566    
           3  -870.3301    
           4  -2249.312    
           5  -3446.412    
 
 month:           5 year:        2005
           1  -97551.29    
           2  -10727.59    
           3  -4494.074    
           4  -11483.59    
           5  -18009.44    
 
 month:           6 year:        2005
           1  -39867.52    
           2  -4647.276    
           3  -1907.778    
           4  -4992.899    
           5  -7429.234    
 
 month:           7 year:        2005
           1  -71963.84    
           2  -8193.540    
           3  -3382.615    
           4  -8790.295    
           5  -10671.26    
 
 month:           8 year:        2005
           1  -79663.34    
           2  -9035.889    
           3  -3870.384    
           4  -9689.701    
           5   12772.83    
 
 month:           9 year:        2005
           1  -71652.23    
           2  -7978.970    
           3  -3407.593    
           4  -8546.977    
           5   11431.98    
 
 month:          10 year:        2005
           1  -62933.89    
           2  -7053.509    
           3  -3051.108    
           4  -7557.975    
           5   16146.65    
 
 month:          11 year:        2005
           1  -41822.07    
           2  -4741.284    
           3  -2061.030    
           4  -5083.789    
           5   15699.12    
 
 month:          12 year:        2005
           1  -27621.57    
           2  -3122.127    
           3  -1387.877    
           4  -3346.588    
           5   11893.05    
 
 month:           1 year:        2006
           1  -38527.25    
           2  -4304.594    
           3  -1857.078    
           4  -4611.652    
           5   6999.639    
 
 month:           2 year:        2006
           1  -41206.32    
           2  -4512.915    
           3  -1947.256    
           4  -4828.841    
           5   4977.379    
 
 month:           3 year:        2006
           1  -58425.18    
           2  -6493.438    
           3  -2762.234    
           4  -6954.872    
           5   3141.195    
 
 month:           4 year:        2006
           1  -45798.43    
           2  -5162.348    
           3  -2217.059    
           4  -5533.599    
           5   6908.566    
 
 month:           5 year:        2006
           1  -79635.52    
           2  -8938.113    
           3  -3831.699    
           4  -9578.688    
           5   19409.52    
 
 month:           6 year:        2006
           1  -76947.34    
           2  -8522.379    
           3  -3676.581    
           4  -9125.413    
           5   19039.16    
 
 month:           7 year:        2006
           1  -50720.38    
           2  -5651.957    
           3  -2465.554    
           4  -6053.841    
           5   20527.64    
 
 month:           8 year:        2006
           1  -33403.96    
           2  -3789.888    
           3  -1673.257    
           4  -4063.565    
           5   16629.90    
 
 month:           9 year:        2006
           1  -100143.7    
           2  -11022.20    
           3  -4700.002    
           4  -11798.31    
           5   9961.939    
 
 month:          10 year:        2006
           1  -122609.4    
           2  -13568.96    
           3  -5751.419    
           4  -14529.74    
           5   11160.95    
 
 month:          11 year:        2006
           1  -46482.08    
           2  -5315.948    
           3  -2319.161    
           4  -5702.890    
           5   21835.39    
 
 month:          12 year:        2006
           1  -101434.5    
           2  -11256.36    
           3  -4800.377    
           4  -12055.10    
           5   17010.97    
 
 month:           1 year:        2007
           1  -249919.3    
           2  -29158.29    
           3  -12477.13    
           4  -31259.90    
           5   226943.5    
 
 month:           2 year:        2007
           1  -158399.6    
           2  -18531.17    
           3  -8213.072    
           4  -19851.37    
           5   269150.4    
 
 month:           3 year:        2007
           1  -367428.8    
           2  -40534.59    
           3  -18925.34    
           4  -41688.05    
           5   401821.2    
 
 month:           4 year:        2007
           1  -288831.9    
           2  -33022.51    
           3  -15742.21    
           4  -33900.29    
           5   605700.1    
 
 month:           5 year:        2007
           1  -312245.2    
           2  -36540.76    
           3  -17366.01    
           4  -37502.29    
           5   594721.4    
 
 month:           6 year:        2007
           1  -387202.0    
           2  -47712.68    
           3  -22627.39    
           4  -48886.72    
           5   789723.1    
 
 month:           7 year:        2007
           1  -487940.2    
           2  -70692.73    
           3  -33416.23    
           4  -72397.66    
           5   1327610.    
 
 month:           8 year:        2007
           1  -366283.4    
           2  -70187.42    
           3  -33334.79    
           4  -72066.23    
           5   1632918.    
 
 month:           9 year:        2007
           1  -262575.2    
           2  -60011.79    
           3  -28647.71    
           4  -61595.44    
           5   1536664.    
 
 month:          10 year:        2007
           1  -171292.9    
           2  -46156.75    
           3  -22002.23    
           4  -49072.32    
           5   1127037.    
 
 month:          11 year:        2007
           1  -144815.2    
           2  -40692.43    
           3  -19834.64    
           4  -44852.56    
           5   972524.4    
 
 month:          12 year:        2007
           1  -128956.2    
           2  -36884.89    
           3  -18762.32    
           4  -42404.14    
           5   875726.3    
 
 month:           1 year:        2008
           1  -118901.2    
           2  -34856.65    
           3  -17706.69    
           4  -40000.20    
           5   795597.7    
 
 month:           2 year:        2008
           1  -107862.0    
           2  -33430.00    
           3  -15106.60    
           4  -38323.34    
           5   726463.9    
 
 month:           3 year:        2008
           1  -105732.2    
           2  -34996.92    
           3  -15742.88    
           4  -40289.92    
           5   709350.5    
 
 month:           4 year:        2008
           1  -98551.98    
           2  -32318.94    
           3  -14573.88    
           4  -37089.56    
           5   638386.6    
 
 month:           5 year:        2008
           1  -93281.40    
           2  -30093.19    
           3  -13600.08    
           4  -34434.88    
           5   573335.8    
 
 month:           6 year:        2008
           1  -88311.78    
           2  -27203.25    
           3  -12695.97    
           4  -31972.36    
           5   518996.2    
 
 month:           7 year:        2008
           1  -94678.57    
           2  -29676.82    
           3  -14326.15    
           4  -36702.21    
           5   494566.5    
 
 month:           8 year:        2008
           1  -95277.88    
           2  -31820.51    
           3  -15570.11    
           4  -40339.61    
           5   569962.5    
 
 month:           9 year:        2008
           1  -86191.38    
           2  -28227.22    
           3  -13730.55    
           4  -35075.31    
           5   577973.4    
 
 month:          10 year:        2008
           1  -80229.59    
           2  -25567.20    
           3  -12365.58    
           4  -31230.91    
           5   482483.8    
 
 month:          11 year:        2008
           1  -76012.38    
           2  -23917.55    
           3  -11519.92    
           4  -28924.73    
           5   429311.1    
 
 month:          12 year:        2008
           1  -73333.20    
           2  -22528.92    
           3  -10998.43    
           4  -27519.23    
           5   385824.6    
 
 month:           1 year:        2009
           1  -70443.91    
           2  -21449.41    
           3  -10549.69    
           4  -26321.84    
           5   348491.8    
 
 month:           2 year:        2009
           1  -66919.68    
           2  -20678.85    
           3  -10121.45    
           4  -25178.39    
           5   316816.8    
 
 month:           3 year:        2009
           1  -76490.33    
           2  -25645.67    
           3  -12986.34    
           4  -31172.56    
           5   439059.9    
 
 month:           4 year:        2009
           1  -71208.03    
           2  -23916.94    
           3  -12019.40    
           4  -27255.26    
           5   396105.9    
 
 month:           5 year:        2009
           1  -68117.27    
           2  -23026.05    
           3  -11526.07    
           4  -26083.73    
           5   350161.1    
 
 month:           6 year:        2009
           1  -62469.68    
           2  -21099.77    
           3  -10471.35    
           4  -22648.86    
           5   345389.9    
 
 month:           7 year:        2009
           1  -59452.54    
           2  -19239.16    
           3  -9750.560    
           4  -20154.88    
           5   292174.0    
 
 month:           8 year:        2009
           1  -57333.49    
           2  -17685.91    
           3  -9239.467    
           4  -18153.62    
           5   259767.5    
 
 month:           9 year:        2009
           1  -83967.76    
           2  -27664.12    
           3  -17506.94    
           4  -12744.38    
           5   606571.6    
 
 month:          10 year:        2009
           1  -81375.47    
           2  -35914.92    
           3  -24585.75    
           4   274672.2    
           5   1227874.    
 
 month:          11 year:        2009
           1  -52979.32    
           2  -25686.07    
           3  -15779.49    
           4   409048.3    
           5   1328840.    
 
 month:          12 year:        2009
           1  -61523.24    
           2  -24817.40    
           3   3233.321    
           4   373247.4    
           5   1135946.    
 
 month:           1 year:        2010
           1  -21939.74    
           2  -22427.62    
           3   28846.54    
           4   445715.1    
           5   1225558.    
 
 month:           2 year:        2010
           1   153035.3    
           2   19576.16    
           3   140511.2    
           4   864023.2    
           5   1946622.    
 
 month:           3 year:        2010
           1  -22370.40    
           2  -18039.22    
           3   132478.8    
           4   757264.1    
           5   1661292.    
 
 month:           4 year:        2010
           1  -29837.83    
           2  -16223.21    
           3   181132.9    
           4   739321.9    
           5   1683238.    
 
 month:           5 year:        2010
           1  -31909.20    
           2  -17202.86    
           3   247670.2    
           4   877041.2    
           5   1961144.    
 
 month:           6 year:        2010
           1  -33918.77    
           2  -15385.21    
           3   245453.4    
           4   828688.2    
           5   1761926.    
 
 month:           7 year:        2010
           1  -34250.32    
           2  -2053.226    
           3   306427.0    
           4   849195.9    
           5   1693439.    
 
 month:           8 year:        2010
           1  -34834.70    
           2   52355.62    
           3   271655.2    
           4   760857.4    
           5   1508643.    
 
 month:           9 year:        2010
           1  -32810.17    
           2   174271.8    
           3   423077.8    
           4   1120332.    
           5   1909449.    
 
 month:          10 year:        2010
           1  -34715.80    
           2   164607.1    
           3   397028.0    
           4   1092056.    
           5   1818088.    
 
 month:          11 year:        2010
           1  -33280.31    
           2   136634.8    
           3   341366.6    
           4   972300.7    
           5   1552408.    
 
 month:          12 year:        2010
           1  -32005.32    
           2   127252.0    
           3   307701.6    
           4   884719.9    
           5   1434328.    
 
 month:           1 year:        2011
           1  -29422.58    
           2   147721.4    
           3   332844.4    
           4   913990.9    
           5   1594705.    
 
 month:           2 year:        2011
           1  -31296.63    
           2   137315.7    
           3   308381.9    
           4   856669.1    
           5   1449751.    
 
 month:           3 year:        2011
           1  -31184.75    
           2   112196.8    
           3   268490.7    
           4   769028.0    
           5   1288764.    
 
 month:           4 year:        2011
           1  -30985.31    
           2   97503.18    
           3   240422.7    
           4   694355.2    
           5   1181976.    
 
 month:           5 year:        2011
           1  -30879.44    
           2   87238.49    
           3   217033.7    
           4   625903.7    
           5   1090011.    
 
 month:           6 year:        2011
           1  -29229.07    
           2   84745.16    
           3   209907.0    
           4   604005.4    
           5   1031951.    
 
 month:           7 year:        2011
           1  -29709.09    
           2   84076.02    
           3   204734.3    
           4   591835.2    
           5   1005206.    
 
 month:           8 year:        2011
           1  -29906.54    
           2   71476.88    
           3   182826.7    
           4   529187.7    
           5   915234.3    
 
 month:           9 year:        2011
           1  -29504.93    
           2   75174.99    
           3   182067.4    
           4   485270.6    
           5   878699.1    
 
 month:          10 year:        2011
           1  -27573.57    
           2   108882.8    
           3   228373.5    
           4   542991.6    
           5   1221982.    
 
 month:          11 year:        2011
           1  -28411.10    
           2   86071.79    
           3   199889.7    
           4   521955.3    
           5   1048402.    
 
 month:          12 year:        2011
           1  -23791.94    
           2   151779.6    
           3   333532.9    
           4   786865.2    
           5   1581631.    
 
 month:           1 year:        2012
           1  -26387.42    
           2   152675.5    
           3   319615.2    
           4   849373.1    
           5   1436908.    
 
 month:           2 year:        2012
           1  -8935.570    
           2   236101.7    
           3   443603.7    
           4   1233192.    
           5   1673207.    
 
 month:           3 year:        2012
           1  -11300.63    
           2   237056.2    
           3   448283.1    
           4   1273333.    
           5   1859656.    
 
 month:           4 year:        2012
           1  -20016.07    
           2   183733.8    
           3   368576.7    
           4   1136367.    
           5   1629051.    
 
 month:           5 year:        2012
           1  -10794.09    
           2   229981.0    
           3   449111.9    
           4   1280743.    
           5   2115294.    
 
 month:           6 year:        2012
           1  -19601.80    
           2   195758.8    
           3   387624.8    
           4   1165275.    
           5   1787515.    
 
 month:           7 year:        2012
           1  -17930.88    
           2   160420.2    
           3   334107.0    
           4   1053558.    
           5   1590420.    
 
 month:           8 year:        2012
           1  -19758.19    
           2   143261.7    
           3   305810.1    
           4   950087.6    
           5   1516945.    
 
 month:           9 year:        2012
           1  -17020.13    
           2   180393.1    
           3   377421.9    
           4   1104091.    
           5   2010959.    
 
 month:          10 year:        2012
           1  -16493.33    
           2   205820.1    
           3   434210.9    
           4   1321188.    
           5   2329481.    
 
 month:          11 year:        2012
           1  -18785.28    
           2   162576.1    
           3   353689.3    
           4   1117641.    
           5   1770381.    
 
 month:          12 year:        2012
           1  -18583.17    
           2   136011.0    
           3   310634.5    
           4   1012697.    
           5   1566618.    
 
 month:           1 year:        2013
           1  -16974.13    
           2   147611.7    
           3   331186.8    
           4   1021750.    
           5   1672240.    
 
 month:           2 year:        2013
           1  -18006.85    
           2   130337.6    
           3   292017.7    
           4   920162.5    
           5   1494230.    
 
 month:           3 year:        2013
           1  -17952.17    
           2   113504.8    
           3   262352.2    
           4   845365.1    
           5   1373937.    
 
 month:           4 year:        2013
           1  -15874.32    
           2   106839.6    
           3   249437.3    
           4   791447.4    
           5   1325051.    
 
 month:           5 year:        2013
           1  -11766.62    
           2   142509.6    
           3   297646.0    
           4   869661.4    
           5   1487432.    
 
 month:           6 year:        2013
           1  -12614.08    
           2   230475.7    
           3   426789.3    
           4   1148566.    
           5   1985311.    
 
 month:           7 year:        2013
           1  -15774.12    
           2   145316.1    
           3   311346.0    
           4   969095.8    
           5   1516356.    
 
 month:           8 year:        2013
           1  -15483.24    
           2   118468.9    
           3   272650.6    
           4   885463.1    
           5   1342002.    
 
 month:           9 year:        2013
           1  -14209.31    
           2   122110.8    
           3   269504.8    
           4   858057.7    
           5   1328282.    
 
 month:          10 year:        2013
           1  -13921.37    
           2   172867.5    
           3   371710.8    
           4   1088787.    
           5   1852795.    
 
 month:          11 year:        2013
           1  -13915.54    
           2   177093.7    
           3   388896.2    
           4   1209274.    
           5   2109824.    
 
 month:          12 year:        2013
           1  -14312.76    
           2   156153.6    
           3   339588.4    
           4   1085784.    
           5   1721052.    
 
 month:           1 year:        2014
           1  -14309.17    
           2   129215.0    
           3   290326.3    
           4   967000.3    
           5   1463863.    
 
 month:           2 year:        2014
           1  -14043.56    
           2   113477.7    
           3   260529.0    
           4   874673.1    
           5   1328649.    
 
 month:           3 year:        2014
           1  -13671.44    
           2   100845.0    
           3   235613.6    
           4   789159.6    
           5   1224205.    
 
 month:           4 year:        2014
           1  -13589.00    
           2   89648.61    
           3   213155.5    
           4   709435.4    
           5   1129016.    
 
 month:           5 year:        2014
           1  -11850.01    
           2   109252.1    
           3   240316.6    
           4   764641.6    
           5   1317959.    
 
 month:           6 year:        2014
           1  -10987.25    
           2   126351.6    
           3   272650.9    
           4   863825.1    
           5   1494942.    
 
 month:           7 year:        2014
           1  -9988.075    
           2   130244.7    
           3   297866.9    
           4   872429.9    
           5   1479413.    
 
 month:           8 year:        2014
           1  -11675.22    
           2   113571.6    
           3   262008.3    
           4   816480.7    
           5   1383563.    
 
 month:           9 year:        2014
           1  -12057.29    
           2   96712.02    
           3   230947.0    
           4   751676.4    
           5   1266836.    
 
 month:          10 year:        2014
           1  -11732.99    
           2   91615.81    
           3   213981.0    
           4   697992.6    
           5   1158235.    
 
 month:          11 year:        2014
           1  -6398.028    
           2   157415.3    
           3   320884.8    
           4   961298.3    
           5   1604985.    
 
 month:          12 year:        2014
           1  -9592.779    
           2   147233.5    
           3   296532.6    
           4   952607.9    
           5   1394455.    
 
