 Groundwater/Surface Water exchange (L3/T)
 for each MODFLOW River Cell
 Positive: River water seeps to the aquifer
 Negative: Groundwater flows from aquifer to river
 
 Day:           1
 Layer, Row, Column, Flow Rate
           1          25          17  0.0000000E+00
           1          25          18  0.0000000E+00
           1          26          18  0.0000000E+00
           1          26          19  0.0000000E+00
           1          27          19  0.0000000E+00
           1          27          20  0.0000000E+00
           1          28          20  0.0000000E+00
           1          28          21  0.0000000E+00
           1          29          21  0.0000000E+00
           1          29          22  0.0000000E+00
           1          30          22  0.0000000E+00
           1          31          22  0.0000000E+00
           1          31          23  0.0000000E+00
           1          32          22  0.0000000E+00
           1          32          23  0.0000000E+00
           1          33          22  0.0000000E+00
           1          34          22  0.0000000E+00
           1          34          23  0.0000000E+00
           1          35          23  0.0000000E+00
           1          35          24  0.0000000E+00
           1          36          23  0.0000000E+00
           1          36          24  0.0000000E+00
           1          36          25  0.0000000E+00
           1          36          26  0.0000000E+00
           1          36          27  0.0000000E+00
           1          37          27  0.0000000E+00
           1          37          56  0.0000000E+00
           1          37          57  0.0000000E+00
           1          38          27  0.0000000E+00
           1          38          55  0.0000000E+00
           1          38          56  0.0000000E+00
           1          39          27  0.0000000E+00
           1          39          55  0.0000000E+00
           1          40          25  0.0000000E+00
           1          40          26  0.0000000E+00
           1          40          27  0.0000000E+00
           1          40          55  0.0000000E+00
           1          41          25  0.0000000E+00
           1          41          26  0.0000000E+00
           1          41          27  0.0000000E+00
           1          41          33  0.0000000E+00
           1          41          53  0.0000000E+00
           1          41          54  0.0000000E+00
           1          41          55  0.0000000E+00
           1          42          27  0.0000000E+00
           1          42          33  0.0000000E+00
           1          42          34  0.0000000E+00
           1          42          52  0.0000000E+00
           1          42          53  0.0000000E+00
           1          43          27  0.0000000E+00
           1          43          28  0.0000000E+00
           1          43          34  0.0000000E+00
           1          43          52  0.0000000E+00
           1          44          28  0.0000000E+00
           1          44          29  0.0000000E+00
           1          44          30  0.0000000E+00
           1          44          34  0.0000000E+00
           1          44          35  0.0000000E+00
           1          44          52  0.0000000E+00
           1          44          53  0.0000000E+00
           1          45          30  0.0000000E+00
           1          45          35  0.0000000E+00
           1          45          53  0.0000000E+00
           1          46          30  0.0000000E+00
           1          46          35  0.0000000E+00
           1          46          51  0.0000000E+00
           1          46          52  0.0000000E+00
           1          46          53  0.0000000E+00
           1          47          30  0.0000000E+00
           1          47          31  0.0000000E+00
           1          47          32  0.0000000E+00
           1          47          35  0.0000000E+00
           1          47          50  0.0000000E+00
           1          47          51  0.0000000E+00
           1          48          32  0.0000000E+00
           1          48          33  0.0000000E+00
           1          48          35  0.0000000E+00
           1          48          36  0.0000000E+00
           1          48          49  0.0000000E+00
           1          48          50  0.0000000E+00
           1          49          33  0.0000000E+00
           1          49          34  0.0000000E+00
           1          49          35  0.0000000E+00
           1          49          36  0.0000000E+00
           1          49          37  0.0000000E+00
           1          49          38  0.0000000E+00
           1          49          41  0.0000000E+00
           1          49          42  0.0000000E+00
           1          49          49  0.0000000E+00
           1          50          34  0.0000000E+00
           1          50          35  0.0000000E+00
           1          50          36  0.0000000E+00
           1          50          37  0.0000000E+00
           1          50          38  0.0000000E+00
           1          50          39  0.0000000E+00
           1          50          40  0.0000000E+00
           1          50          41  0.0000000E+00
           1          50          42  0.0000000E+00
           1          50          43  0.0000000E+00
           1          50          49  0.0000000E+00
           1          51          43  0.0000000E+00
           1          51          48  0.0000000E+00
           1          51          49  0.0000000E+00
           1          52          43  0.0000000E+00
           1          52          48  0.0000000E+00
           1          52          49  0.0000000E+00
           1          52          50  0.0000000E+00
           1          53          43  0.0000000E+00
           1          53          44  0.0000000E+00
           1          53          47  0.0000000E+00
           1          53          48  0.0000000E+00
           1          53          50  0.0000000E+00
           1          53          51  0.0000000E+00
           1          54          44  0.0000000E+00
           1          54          45  0.0000000E+00
           1          54          46  0.0000000E+00
           1          54          47  0.0000000E+00
           1          54          51  0.0000000E+00
           1          54          52  0.0000000E+00
           1          55          52  0.0000000E+00
           1          56          52  0.0000000E+00
           1          56          53  0.0000000E+00
           1          56          54  0.0000000E+00
           1          57          53  0.0000000E+00
           1          57          54  0.0000000E+00
           1          58          53  0.0000000E+00
           1          59          53  0.0000000E+00
           1          60          53  0.0000000E+00
           1          61          53  0.0000000E+00
           1          61          54  0.0000000E+00
           1          61          55  0.0000000E+00
           1          61          56  0.0000000E+00
           1          62          56  0.0000000E+00
           1          63          56  0.0000000E+00
           1          63          57  0.0000000E+00
           1          64          56  0.0000000E+00
           1          64          57  0.0000000E+00
           1          65          56  0.0000000E+00
           1          66          56  0.0000000E+00
           1          67          56  0.0000000E+00
           1          68          56  0.0000000E+00
           1          68          57  0.0000000E+00
           1          69          57  0.0000000E+00
           1          70          57  0.0000000E+00
           1          70          58  0.0000000E+00
           1          71          58  0.0000000E+00
           1          72          58  0.0000000E+00
           1          73          54  0.0000000E+00
           1          73          55  0.0000000E+00
           1          73          56  0.0000000E+00
           1          73          57  0.0000000E+00
           1          73          58  0.0000000E+00
           1          74          54  0.0000000E+00
           1          75          54  0.0000000E+00
           1          75          55  0.0000000E+00
           1          76          54  0.0000000E+00
           1          76          55  0.0000000E+00
           1          77          53  0.0000000E+00
           1          77          54  0.0000000E+00
           1          78          53  0.0000000E+00
           1          78          54  0.0000000E+00
           1          78          55  0.0000000E+00
           1          79          55  0.0000000E+00
           1          79          56  0.0000000E+00
           1          80          56  0.0000000E+00
           1          81          56  0.0000000E+00
           1          82          56  0.0000000E+00
           1          83          56  0.0000000E+00
           1          84          53  0.0000000E+00
           1          84          54  0.0000000E+00
           1          84          55  0.0000000E+00
           1          84          56  0.0000000E+00
           1          85          53  0.0000000E+00
           1          85          54  0.0000000E+00
           1          85          55  0.0000000E+00
           1          86          53  0.0000000E+00
           1          86          54  0.0000000E+00
           1          87          54  0.0000000E+00
           1          87          55  0.0000000E+00
           1          88          55  0.0000000E+00
           1          88          56  0.0000000E+00
           1          88          57  0.0000000E+00
           1          89          57  0.0000000E+00
           1          90          56  0.0000000E+00
           1          90          57  0.0000000E+00
           1          91          54  0.0000000E+00
           1          91          55  0.0000000E+00
           1          91          56  0.0000000E+00
           1          92          54  0.0000000E+00
           1          93          54  0.0000000E+00
           1          93          55  0.0000000E+00
           1          93          56  0.0000000E+00
           1          93          57  0.0000000E+00
           1          94          57  0.0000000E+00
           1          94          58  0.0000000E+00
           1          95          56  0.0000000E+00
           1          95          57  0.0000000E+00
           1          96          56  0.0000000E+00
           1          96          57  0.0000000E+00
           1          97          54  0.0000000E+00
           1          97          55  0.0000000E+00
           1          97          57  0.0000000E+00
           1          97          58  0.0000000E+00
           1          98          54  0.0000000E+00
           1          98          55  0.0000000E+00
           1          98          56  0.0000000E+00
           1          98          57  0.0000000E+00
           1          98          58  0.0000000E+00
           1          99          54  0.0000000E+00
           1          99          55  0.0000000E+00
           1         100          54  0.0000000E+00
           1         100          55  0.0000000E+00
           1         101          55  0.0000000E+00
           1         101          56  0.0000000E+00
           1         101          57  0.0000000E+00
           1         102          57  0.0000000E+00
           1         102          58  0.0000000E+00
           1         103          58  0.0000000E+00
           1         103          59  0.0000000E+00
           1         104          58  0.0000000E+00
 
 Day:        1000
 Layer, Row, Column, Flow Rate
           1          25          17  -146147.9    
           1          25          18  -336416.8    
           1          26          18  -142331.0    
           1          26          19  -141139.2    
           1          27          19  -81706.25    
           1          27          20  -61828.35    
           1          28          20  -52145.57    
           1          28          21  -103799.6    
           1          29          21  -22206.04    
           1          29          22  -99305.38    
           1          30          22  -46402.96    
           1          31          22  -7181.094    
           1          31          23  -59457.66    
           1          32          22  -8476.247    
           1          32          23  -34356.68    
           1          33          22  -16217.03    
           1          34          22  -10620.36    
           1          34          23  -17610.27    
           1          35          23  -644.0049    
           1          35          24   861.2877    
           1          36          23   1338.585    
           1          36          24   2420.524    
           1          36          25   2078.330    
           1          36          26   2350.073    
           1          36          27   578.7117    
           1          37          27   2430.589    
           1          37          56   168.3521    
           1          37          57   1434.110    
           1          38          27   2314.847    
           1          38          55   2949.279    
           1          38          56   2812.103    
           1          39          27   2264.524    
           1          39          55   2743.354    
           1          40          25   1494.586    
           1          40          26   2284.653    
           1          40          27   156.0005    
           1          40          55   2967.811    
           1          41          25   1232.907    
           1          41          26   2420.524    
           1          41          27   1474.457    
           1          41          33   1029.113    
           1          41          53   2868.052    
           1          41          54   3061.334    
           1          41          55   673.3688    
           1          42          27   2324.911    
           1          42          33   1574.420    
           1          42          34   865.1111    
           1          42          52   2637.361    
           1          42          53   342.9193    
           1          43          27   639.0990    
           1          43          28   2078.330    
           1          43          34   2160.728    
           1          43          52   2687.240    
           1          44          28   1112.133    
           1          44          29   2345.040    
           1          44          30   1237.940    
           1          44          34   779.0099    
           1          44          35   1775.323    
           1          44          52   1471.435    
           1          44          53   1552.489    
           1          45          30   2611.751    
           1          45          35   1955.725    
           1          45          53   2737.119    
           1          46          30   2138.717    
           1          46          35   2263.229    
           1          46          51   2069.986    
           1          46          52   3279.555    
           1          46          53   467.6172    
           1          47          30   1952.523    
           1          47          31   2078.330    
           1          47          32   2385.299    
           1          47          35   1844.915    
           1          47          50   2387.965    
           1          47          51   1047.463    
           1          48          32   624.0022    
           1          48          33   1716.006    
           1          48          35   1242.243    
           1          48          36   959.3560    
           1          48          49   754.4224    
           1          48          50   2531.368    
           1          49          33   2727.493    
           1          49          34   432.7503    
           1          49          35   1569.978    
           1          49          36   7731.905    
           1          49          37   2000.708    
           1          49          38   311.5857    
           1          49          41   657.5244    
           1          49          42   1077.452    
           1          49          49   3354.374    
           1          50          34   2621.816    
           1          50          35   900.7773    
           1          50          36   790.0209    
           1          50          37   2264.391    
           1          50          38   8070.530    
           1          50          39   3477.749    
           1          50          40   3683.720    
           1          50          41   2994.508    
           1          50          42   3834.238    
           1          50          43   459.4748    
           1          50          49   3154.857    
           1          51          43   3485.671    
           1          51          48   910.2949    
           1          51          49   2238.328    
           1          52          43   4079.820    
           1          52          48   475.3188    
           1          52          49   1041.801    
           1          52          50   3123.104    
           1          53          43   3842.160    
           1          53          44   578.3045    
           1          53          47   1299.205    
           1          53          48   4602.670    
           1          53          50   609.7127    
           1          53          51   655.8102    
           1          54          44   3287.622    
           1          54          45   3271.778    
           1          54          46   4087.741    
           1          54          47   3176.714    
           1          54          51   248.2619    
           1          54          52   419.6169    
           1          55          52   196.5550    
           1          56          52   1164.315    
           1          56          53  -38.93112    
           1          56          54  -763.6008    
           1          57          53  -245.2914    
           1          57          54   3210.989    
           1          58          53  -253.1686    
           1          59          53  -218.1538    
           1          60          53  -145.8030    
           1          61          53   630.1000    
           1          61          54  -70.08143    
           1          61          55   1813.032    
           1          61          56   1369.783    
           1          62          56  -2938.542    
           1          63          56  -150.5036    
           1          63          57   2123.163    
           1          64          56   289.9259    
           1          64          57   808.1718    
           1          65          56   243.2656    
           1          66          56   291.7653    
           1          67          56   213.8549    
           1          68          56   584.6532    
           1          68          57   1041.035    
           1          69          57   687.1957    
           1          70          57   1191.711    
           1          70          58   699.8047    
           1          71          58   457.8420    
           1          72          58   683.5464    
           1          73          54   395.0866    
           1          73          55   388.5607    
           1          73          56   606.0634    
           1          73          57   739.5464    
           1          73          58   3164.198    
           1          74          54   647.7151    
           1          75          54   1808.113    
           1          75          55   4520.283    
           1          76          54   588.8071    
           1          76          55   3698.413    
           1          77          53   8218.695    
           1          77          54   1561.552    
           1          78          53   3849.089    
           1          78          54   472.3154    
           1          78          55   4931.217    
           1          79          55   2712.169    
           1          79          56   4068.254    
           1          80          56   714.3908    
           1          81          56   584.5536    
           1          82          56   566.6768    
           1          83          56   787.4903    
           1          84          53   260.2587    
           1          84          54   972.5457    
           1          84          55   872.5198    
           1          84          56   2246.443    
           1          85          53   591.0564    
           1          85          54   591.1719    
           1          85          55   2794.356    
           1          86          53   6191.417    
           1          86          54   767.0782    
           1          87          54   1101.257    
           1          87          55   767.0782    
           1          88          55   831.2385    
           1          88          56   5835.274    
           1          88          57   599.5354    
           1          89          57   759.6647    
           1          90          56   3739.507    
           1          90          57   3191.594    
           1          91          54   5150.382    
           1          91          55   761.3571    
           1          91          56   5602.411    
           1          92          54   6273.604    
           1          93          54   2451.911    
           1          93          55   957.4102    
           1          93          56   770.7901    
           1          93          57   6383.187    
           1          94          57   2684.774    
           1          94          58   4260.024    
           1          95          56   2547.796    
           1          95          57   6410.583    
           1          96          56   2671.076    
           1          96          57   1264.306    
           1          97          54   5807.878    
           1          97          55   1044.497    
           1          97          57   1054.733    
           1          97          58   4780.542    
           1          98          54   6246.208    
           1          98          55   4588.771    
           1          98          56   905.8274    
           1          98          57   1357.089    
           1          98          58   1342.387    
           1          99          54   4520.283    
           1          99          55   2164.257    
           1         100          54   739.6826    
           1         100          55   962.3039    
           1         101          55   3342.270    
           1         101          56   6465.374    
           1         101          57   3492.946    
           1         102          57   3246.385    
           1         102          58   5917.461    
           1         103          58   6684.539    
           1         103          59   493.1217    
           1         104          58   4643.563    
 
 Day:        2000
 Layer, Row, Column, Flow Rate
           1          25          17  -118728.2    
           1          25          18  -290815.9    
           1          26          18  -113911.3    
           1          26          19  -134742.3    
           1          27          19  -67684.69    
           1          27          20  -64336.52    
           1          28          20  -43151.50    
           1          28          21  -117583.7    
           1          29          21  -17206.27    
           1          29          22  -128915.8    
           1          30          22  -57417.38    
           1          31          22  -5899.080    
           1          31          23  -102278.4    
           1          32          22  -6714.108    
           1          32          23  -66584.90    
           1          33          22  -16347.12    
           1          34          22  -7311.275    
           1          34          23  -38595.52    
           1          35          23  -6217.899    
           1          35          24  -42228.35    
           1          36          23   2213.693    
           1          36          24  -1643.410    
           1          36          25  -25657.69    
           1          36          26  -58946.28    
           1          36          27  -88131.77    
           1          37          27  -63682.48    
           1          37          56  -63640.24    
           1          37          57  -205221.7    
           1          38          27  -33479.21    
           1          38          55  -161243.8    
           1          38          56  -75604.73    
           1          39          27  -19771.80    
           1          39          55  -63471.25    
           1          40          25   2471.680    
           1          40          26   3778.258    
           1          40          27   257.9868    
           1          40          55  -37754.51    
           1          41          25   2038.928    
           1          41          26   4002.956    
           1          41          27   2438.391    
           1          41          33  -108997.8    
           1          41          53  -108320.4    
           1          41          54  -34103.64    
           1          41          55  -2445.075    
           1          42          27   3844.836    
           1          42          33  -17401.33    
           1          42          34  -62536.86    
           1          42          52  -22291.97    
           1          42          53   567.1381    
           1          43          27   1056.914    
           1          43          28   3437.050    
           1          43          34  -18460.72    
           1          43          52  -12142.62    
           1          44          28   1839.196    
           1          44          29   3878.124    
           1          44          30   2047.250    
           1          44          34  -837.2824    
           1          44          35  -29387.95    
           1          44          52  -16897.02    
           1          44          53   87.15414    
           1          45          30   4319.198    
           1          45          35  -2879.715    
           1          45          53   911.4117    
           1          46          30   3536.916    
           1          46          35  -632.2546    
           1          46          51  -7154.034    
           1          46          52   1331.406    
           1          46          53   773.3701    
           1          47          30   3228.996    
           1          47          31   3437.050    
           1          47          32   3944.702    
           1          47          35  -791.7195    
           1          47          50  -3041.610    
           1          47          51   1732.349    
           1          48          32   1031.947    
           1          48          33   2837.855    
           1          48          35  -94.70065    
           1          48          36   1586.634    
           1          48          49   1247.704    
           1          48          50   4186.510    
           1          49          33   4510.608    
           1          49          34   715.7053    
           1          49          35   2596.512    
           1          49          36   542.4628    
           1          49          37   276.4171    
           1          49          38   515.3170    
           1          49          41  -2452.214    
           1          49          42   1781.843    
           1          49          49   848.4980    
           1          50          34   4335.843    
           1          50          35   1489.666    
           1          50          36   1306.578    
           1          50          37   3744.969    
           1          50          38   789.5838    
           1          50          39   534.7469    
           1          50          40   428.1581    
           1          50          41   330.1365    
           1          50          42  -1783.358    
           1          50          43   759.9037    
           1          50          49   3711.411    
           1          51          43  -333.7364    
           1          51          48   1505.494    
           1          51          49   708.2092    
           1          52          43   129.5822    
           1          52          48   786.1074    
           1          52          49  -12.48063    
           1          52          50  -225.2346    
           1          53          43   771.8709    
           1          53          44   956.4306    
           1          53          47   451.4557    
           1          53          48   239.3147    
           1          53          50   96.32853    
           1          53          51   184.8662    
           1          54          44   5437.243    
           1          54          45   5411.039    
           1          54          46   962.5941    
           1          54          47   378.3012    
           1          54          51  -75.65786    
           1          54          52   117.8008    
           1          55          52  -166.6388    
           1          56          52   334.2590    
           1          56          53  -252.7822    
           1          56          54  -2647.906    
           1          57          53  -418.4663    
           1          57          54   947.5686    
           1          58          53  -487.9844    
           1          59          53  -497.6285    
           1          60          53  -640.5109    
           1          61          53  -238.7446    
           1          61          54  -327.7647    
           1          61          55  -1891.016    
           1          61          56   2265.419    
           1          62          56  -10753.92    
           1          63          56  -260.8830    
           1          63          57  -2596.673    
           1          64          56   88.81184    
           1          64          57   572.4778    
           1          65          56  -4.344700    
           1          66          56   82.34979    
           1          67          56   14.33639    
           1          68          56   222.2524    
           1          68          57   220.5806    
           1          69          57   148.8674    
           1          70          57   476.2227    
           1          70          58   371.4200    
           1          71          58   332.3938    
           1          72          58   441.8760    
           1          73          54   268.6215    
           1          73          55   179.6422    
           1          73          56   433.0614    
           1          73          57   435.1625    
           1          73          58   382.3258    
           1          74          54   322.9255    
           1          75          54   49.14729    
           1          75          55   364.4186    
           1          76          54   97.94569    
           1          76          55   446.2226    
           1          77          53   4784.429    
           1          77          54   76.85155    
           1          78          53   595.6459    
           1          78          54   154.8861    
           1          78          55   284.5505    
           1          79          55   370.8318    
           1          79          56   436.1326    
           1          80          56   453.1265    
           1          81          56   452.7751    
           1          82          56   416.7310    
           1          83          56   368.2131    
           1          84          53   430.4296    
           1          84          54   1608.447    
           1          84          55   110.1083    
           1          84          56   556.9485    
           1          85          53   388.1957    
           1          85          54  -64.23383    
           1          85          55   664.7650    
           1          86          53   538.8550    
           1          86          54   1268.635    
           1          87          54   360.5194    
           1          87          55   1268.635    
           1          88          55   314.0983    
           1          88          56   375.4411    
           1          88          57   408.9632    
           1          89          57   226.3358    
           1          90          56   173.6885    
           1          90          57   718.7947    
           1          91          54   158.1285    
           1          91          55   379.3108    
           1          91          56   439.0178    
           1          92          54   419.3592    
           1          93          54   564.4229    
           1          93          55   499.9562    
           1          93          56   435.5368    
           1          93          57   496.6942    
           1          94          57  -37.87434    
           1          94          58   1370.949    
           1          95          56   546.4388    
           1          95          57   335.9795    
           1          96          56   440.9969    
           1          96          57   349.0444    
           1          97          54   7406.374    
           1          97          55   466.5697    
           1          97          57   1744.373    
           1          97          58   813.8191    
           1          98          54   1399.440    
           1          98          55  -33.65678    
           1          98          56   349.1197    
           1          98          57   434.0499    
           1          98          58   736.5739    
           1          99          54   20.30723    
           1          99          55  -14.23561    
           1         100          54   1223.326    
           1         100          55  -85.67929    
           1         101          55   1947.439    
           1         101          56   708.2758    
           1         101          57   562.9883    
           1         102          57   1081.822    
           1         102          58   513.6335    
           1         103          58   1160.592    
           1         103          59   815.5508    
           1         104          58   829.6320    
 
 Day:        3000
 Layer, Row, Column, Flow Rate
           1          25          17  -89749.92    
           1          25          18  -222668.7    
           1          26          18  -85742.65    
           1          26          19  -103398.6    
           1          27          19  -50334.29    
           1          27          20  -49329.03    
           1          28          20  -31997.70    
           1          28          21  -89844.09    
           1          29          21  -12053.12    
           1          29          22  -96827.69    
           1          30          22  -43561.13    
           1          31          22  -4057.318    
           1          31          23  -74302.80    
           1          32          22  -5270.769    
           1          32          23  -49545.29    
           1          33          22  -10595.12    
           1          34          22  -4792.434    
           1          34          23  -29762.78    
           1          35          23  -4710.968    
           1          35          24  -30620.83    
           1          36          23   2162.318    
           1          36          24  -3566.542    
           1          36          25  -21054.27    
           1          36          26  -44306.64    
           1          36          27  -64038.92    
           1          37          27  -48343.01    
           1          37          56  -58317.01    
           1          37          57  -230632.5    
           1          38          27  -27527.59    
           1          38          55  -137746.3    
           1          38          56  -90459.30    
           1          39          27  -20425.16    
           1          39          55  -62578.48    
           1          40          25   2314.906    
           1          40          26  -7770.043    
           1          40          27  -1768.954    
           1          40          55  -46179.16    
           1          41          25   1991.609    
           1          41          26  -4246.311    
           1          41          27  -11846.24    
           1          41          33  -90308.90    
           1          41          53  -91881.35    
           1          41          54  -35921.00    
           1          41          55  -15375.85    
           1          42          27  -1687.678    
           1          42          33  -16625.57    
           1          42          34  -58504.11    
           1          42          52  -19345.31    
           1          42          53  -1600.025    
           1          43          27   1032.385    
           1          43          28   362.6641    
           1          43          34  -20779.16    
           1          43          52  -11282.67    
           1          44          28   1796.512    
           1          44          29  -8327.596    
           1          44          30  -3833.338    
           1          44          34  -1150.005    
           1          44          35  -44411.35    
           1          44          52  -16775.94    
           1          44          53  -1658.757    
           1          45          30  -7542.661    
           1          45          35  -7124.361    
           1          45          53  -1897.507    
           1          46          30  -6434.752    
           1          46          35  -3154.410    
           1          46          51  -7392.087    
           1          46          52  -856.5187    
           1          46          53  -479.4173    
           1          47          30  -3442.460    
           1          47          31  -6056.649    
           1          47          32   1529.150    
           1          47          35  -2531.459    
           1          47          50  -6007.229    
           1          47          51   1692.083    
           1          48          32  -3568.814    
           1          48          33   2771.994    
           1          48          35  -400.8881    
           1          48          36  -5703.329    
           1          48          49  -5629.481    
           1          48          50   1302.648    
           1          49          33  -10727.17    
           1          49          34  -478.7803    
           1          49          35  -53.61956    
           1          49          36  -56.37647    
           1          49          37  -4344.596    
           1          49          38  -6314.845    
           1          49          41  -33144.71    
           1          49          42  -30054.24    
           1          49          49  -1901.706    
           1          50          34   2791.128    
           1          50          35   1455.094    
           1          50          36   1276.209    
           1          50          37   1270.666    
           1          50          38   203.4446    
           1          50          39  -1380.330    
           1          50          40  -1116.120    
           1          50          41  -329.5503    
           1          50          42  -9656.515    
           1          50          43  -19430.91    
           1          50          49  -197.4065    
           1          51          43  -19145.80    
           1          51          48  -3915.553    
           1          51          49  -409.0517    
           1          52          43  -3883.368    
           1          52          48  -2068.532    
           1          52          49  -233.7336    
           1          52          50  -1384.285    
           1          53          43   429.5200    
           1          53          44  -1305.886    
           1          53          47  -2691.763    
           1          53          48  -17.67001    
           1          53          50  -56.88780    
           1          53          51  -8.084268    
           1          54          44   5310.862    
           1          54          45   5285.268    
           1          54          46  -237.4839    
           1          54          47   147.5698    
           1          54          51  -93.88776    
           1          54          52   10.18484    
           1          55          52  -165.8539    
           1          56          52   101.4545    
           1          56          53  -271.5789    
           1          56          54  -2841.628    
           1          57          53  -523.9208    
           1          57          54   2808.379    
           1          58          53  -461.6514    
           1          59          53  -343.7914    
           1          60          53  -258.5441    
           1          61          53  -285.9973    
           1          61          54  -234.5130    
           1          61          55  -564.8192    
           1          61          56   2212.763    
           1          62          56  -9417.538    
           1          63          56  -269.2304    
           1          63          57  -2237.367    
           1          64          56   60.94328    
           1          64          57   396.5566    
           1          65          56  -60.97570    
           1          66          56   24.46419    
           1          67          56  -68.75645    
           1          68          56   150.2807    
           1          68          57   125.8836    
           1          69          57   84.75517    
           1          70          57   351.2923    
           1          70          58   295.1913    
           1          71          58   231.1007    
           1          72          58   341.7076    
           1          73          54   139.8182    
           1          73          55   66.04327    
           1          73          56   316.0154    
           1          73          57   344.2578    
           1          73          58   321.5387    
           1          74          54   231.2102    
           1          75          54   36.79701    
           1          75          55   253.4896    
           1          76          54   93.34283    
           1          76          55   370.5874    
           1          77          53   4794.066    
           1          77          54   23.69893    
           1          78          53   586.5633    
           1          78          54   93.03440    
           1          78          55   200.1535    
           1          79          55   243.3391    
           1          79          56   358.3500    
           1          80          56   336.9678    
           1          81          56   342.9727    
           1          82          56   322.2231    
           1          83          56   275.0978    
           1          84          53   420.4249    
           1          84          54   309.6360    
           1          84          55  -8.141150    
           1          84          56   460.3333    
           1          85          53   224.5256    
           1          85          54  -170.1421    
           1          85          55   480.6080    
           1          86          53   431.8405    
           1          86          54   101.0245    
           1          87          54   168.4173    
           1          87          55   353.0890    
           1          88          55   134.4345    
           1          88          56   251.9772    
           1          88          57   338.5649    
           1          89          57   159.1606    
           1          90          56   55.74612    
           1          90          57   630.3863    
           1          91          54   141.1944    
           1          91          55   217.5670    
           1          91          56   281.5177    
           1          92          54   293.9911    
           1          93          54   468.2848    
           1          93          55   324.9836    
           1          93          56   240.5510    
           1          93          57   358.7426    
           1          94          57  -150.4506    
           1          94          58   1158.246    
           1          95          56   345.2848    
           1          95          57   256.7709    
           1          96          56   202.9193    
           1          96          57   242.5724    
           1          97          54   5182.190    
           1          97          55   227.1902    
           1          97          57  -56.47686    
           1          97          58   622.7621    
           1          98          54  -239.2114    
           1          98          55  -36.13267    
           1          98          56   187.3996    
           1          98          57   333.3282    
           1          98          58   652.7786    
           1          99          54  -109.3056    
           1          99          55  -37.48154    
           1         100          54   248.2191    
           1         100          55  -237.4096    
           1         101          55   1592.762    
           1         101          56   349.6685    
           1         101          57   368.2487    
           1         102          57   577.9796    
           1         102          58   299.5363    
           1         103          58   634.8112    
           1         103          59   796.5946    
           1         104          58   376.8680    
