single point
         canmx                      50.00000000000000    1.000000000000000    0.000000000000000
         ch_k2                      20.00000000000000    1.000000000000000    0.000000000000000
         ch_n2                      2.835965988144747    1.000000000000000    0.000000000000000
         ch_s2                      4.591579881134286    1.000000000000000    0.000000000000000
           cn2                      55.00000000000000    1.000000000000000    0.000000000000000
          epco                      0.5000000000000000    1.000000000000000    0.000000000000000
          esco                      0.4999321866314672    1.000000000000000    0.000000000000000
       flowmin                      50.00000000000000    1.000000000000000    0.000000000000000
hk0_i:10_j:10_zone:1                      18.00000000000000    1.000000000000000    0.000000000000000
hk0_i:10_j:30_zone:1                      10.00000000000000    1.000000000000000    0.000000000000000
hk0_i:10_j:50_zone:1                      0.5000000000000000    1.000000000000000    0.000000000000000
hk0_i:30_j:30_zone:1                      2.500000000000000    1.000000000000000    0.000000000000000
hk0_i:30_j:50_zone:1                      6.500000000000000    1.000000000000000    0.000000000000000
hk0_i:50_j:30_zone:1                      1.500000000000000    1.000000000000000    0.000000000000000
hk0_i:50_j:50_zone:1                      0.6800000000000000    1.000000000000000    0.000000000000000
hk0_i:70_j:50_zone:1                      2.890000000000000    1.000000000000000    0.000000000000000
hk0_i:90_j:50_zone:1                      1.650000000000000    1.000000000000000    0.000000000000000
     lat_ttime                      70.00000000000000    1.000000000000000    0.000000000000000
          ov_n                      30.00000000000000    1.000000000000000    0.000000000000000
        percop                      0.5000000000000000    1.000000000000000    0.000000000000000
           prf                      1.000000000000000    1.000000000000000    0.000000000000000
       sol_awc                      0.5031931433760174    1.000000000000000    0.000000000000000
        sol_bd                      1.000000000000000    1.000000000000000    0.000000000000000
         sol_k                      19.01173775668767    1.000000000000000    0.000000000000000
         sol_z                      998.6688893998599    1.000000000000000    0.000000000000000
ss0_i:10_j:10_zone:1                      3.278441393883130e-06    1.000000000000000    0.000000000000000
ss0_i:10_j:30_zone:1                      3.278420876414142e-06    1.000000000000000    0.000000000000000
ss0_i:10_j:50_zone:1                      3.278473957692244e-06    1.000000000000000    0.000000000000000
ss0_i:30_j:30_zone:1                      3.278397845598901e-06    1.000000000000000    0.000000000000000
ss0_i:30_j:50_zone:1                      3.278455284104149e-06    1.000000000000000    0.000000000000000
ss0_i:50_j:30_zone:1                      3.278460377783360e-06    1.000000000000000    0.000000000000000
ss0_i:50_j:50_zone:1                      3.278456844035378e-06    1.000000000000000    0.000000000000000
ss0_i:70_j:50_zone:1                      3.278499025134337e-06    1.000000000000000    0.000000000000000
ss0_i:90_j:50_zone:1                      3.278408472923090e-06    1.000000000000000    0.000000000000000
        surlag                      12.00000000000000    1.000000000000000    0.000000000000000
sy0_i:10_j:10_zone:1                      0.2000000000000000    1.000000000000000    0.000000000000000
sy0_i:10_j:30_zone:1                      0.3500000000000000    1.000000000000000    0.000000000000000
sy0_i:10_j:50_zone:1                      0.4500000000000000    1.000000000000000    0.000000000000000
sy0_i:30_j:30_zone:1                      0.3600000000000000    1.000000000000000    0.000000000000000
sy0_i:30_j:50_zone:1                      0.1700000000000000    1.000000000000000    0.000000000000000
sy0_i:50_j:30_zone:1                      0.08000000000000000    1.000000000000000    0.000000000000000
sy0_i:50_j:50_zone:1                      0.2900000000000000    1.000000000000000    0.000000000000000
sy0_i:70_j:50_zone:1                      0.4500000000000000    1.000000000000000    0.000000000000000
sy0_i:90_j:50_zone:1                      0.1600000000000000    1.000000000000000    0.000000000000000
