single point
         canmx                      50.00000000000000    1.000000000000000    0.000000000000000
         ch_k2                      20.00000000000000    1.000000000000000    0.000000000000000
         ch_n2                      2.018012549158700    1.000000000000000    0.000000000000000
         ch_s2                      4.788979299602246    1.000000000000000    0.000000000000000
           cn2                      55.00000000000000    1.000000000000000    0.000000000000000
          epco                      0.5000000000000000    1.000000000000000    0.000000000000000
          esco                      0.4999439622142922    1.000000000000000    0.000000000000000
       flowmin                      50.00000000000000    1.000000000000000    0.000000000000000
hk0_i:10_j:10_zone:1                      18.00000000000000    1.000000000000000    0.000000000000000
hk0_i:10_j:30_zone:1                      10.00000000000000    1.000000000000000    0.000000000000000
hk0_i:10_j:50_zone:1                      0.5000000000000000    1.000000000000000    0.000000000000000
hk0_i:30_j:30_zone:1                      2.500000000000000    1.000000000000000    0.000000000000000
hk0_i:30_j:50_zone:1                      6.500000000000000    1.000000000000000    0.000000000000000
hk0_i:50_j:30_zone:1                      1.500000000000000    1.000000000000000    0.000000000000000
hk0_i:50_j:50_zone:1                      0.6800000000000000    1.000000000000000    0.000000000000000
hk0_i:70_j:50_zone:1                      2.890000000000000    1.000000000000000    0.000000000000000
hk0_i:90_j:50_zone:1                      1.650000000000000    1.000000000000000    0.000000000000000
     lat_ttime                      70.00000000000000    1.000000000000000    0.000000000000000
          ov_n                      21.96150000000000    1.000000000000000    0.000000000000000
        percop                      0.5000000000000000    1.000000000000000    0.000000000000000
           prf                      1.000000000000000    1.000000000000000    0.000000000000000
       sol_awc                      0.5008210864012469    1.000000000000000    0.000000000000000
        sol_bd                      1.000000000000000    1.000000000000000    0.000000000000000
         sol_k                      19.49652686041060    1.000000000000000    0.000000000000000
         sol_z                      999.3210960983472    1.000000000000000    0.000000000000000
ss0_i:10_j:10_zone:1                      3.291796858209058e-06    1.000000000000000    0.000000000000000
ss0_i:10_j:30_zone:1                      3.291789057377478e-06    1.000000000000000    0.000000000000000
ss0_i:10_j:50_zone:1                      3.291809264149580e-06    1.000000000000000    0.000000000000000
ss0_i:30_j:30_zone:1                      3.291780340058758e-06    1.000000000000000    0.000000000000000
ss0_i:30_j:50_zone:1                      3.291802115454551e-06    1.000000000000000    0.000000000000000
ss0_i:50_j:30_zone:1                      3.291804073992216e-06    1.000000000000000    0.000000000000000
ss0_i:50_j:50_zone:1                      3.291802731162454e-06    1.000000000000000    0.000000000000000
ss0_i:70_j:50_zone:1                      3.291818872085479e-06    1.000000000000000    0.000000000000000
ss0_i:90_j:50_zone:1                      3.291784372479177e-06    1.000000000000000    0.000000000000000
        surlag                      12.00000000000000    1.000000000000000    0.000000000000000
sy0_i:10_j:10_zone:1                      0.2000000000000000    1.000000000000000    0.000000000000000
sy0_i:10_j:30_zone:1                      0.3500000000000000    1.000000000000000    0.000000000000000
sy0_i:10_j:50_zone:1                      0.4500000000000000    1.000000000000000    0.000000000000000
sy0_i:30_j:30_zone:1                      0.3600000000000000    1.000000000000000    0.000000000000000
sy0_i:30_j:50_zone:1                      0.1700000000000000    1.000000000000000    0.000000000000000
sy0_i:50_j:30_zone:1                      0.08000000000000000    1.000000000000000    0.000000000000000
sy0_i:50_j:50_zone:1                      0.2900000000000000    1.000000000000000    0.000000000000000
sy0_i:70_j:50_zone:1                      0.4500000000000000    1.000000000000000    0.000000000000000
sy0_i:90_j:50_zone:1                      0.1600000000000000    1.000000000000000    0.000000000000000
