single point
         canmx                      1.000000000000000    1.000000000000000   -1.000000000000000
         ch_k2                      1.000000000000000    1.000000000000000   -1.000000000000000
         ch_n2                      1.000582064202803    1.000000000000000   -1.000000000000000
         ch_s2                      1.000528482551610    1.000000000000000   -1.000000000000000
           cn2                      1.000003587680326    1.000000000000000   -1.000000000000000
          epco                      1.000523146343542    1.000000000000000   -1.000000000000000
          esco                      0.9999594781668821    1.000000000000000   -1.000000000000000
       flowmin                      1.000000000000000    1.000000000000000   -1.000000000000000
hk0_i:10_j:10_zone:1                      5.000000000000001    1.000000000000000    0.000000000000000
hk0_i:10_j:30_zone:1                      1.950000000000000    1.000000000000000    0.000000000000000
hk0_i:10_j:50_zone:1                      0.5000000000000000    1.000000000000000    0.000000000000000
hk0_i:30_j:30_zone:1                      2.500000000000000    1.000000000000000    0.000000000000000
hk0_i:30_j:50_zone:1                      6.500000000000000    1.000000000000000    0.000000000000000
hk0_i:50_j:30_zone:1                      1.500000000000000    1.000000000000000    0.000000000000000
hk0_i:50_j:50_zone:1                      0.6800000000000000    1.000000000000000    0.000000000000000
hk0_i:70_j:50_zone:1                      2.890000000000000    1.000000000000000    0.000000000000000
hk0_i:90_j:50_zone:1                      1.650000000000000    1.000000000000000    0.000000000000000
     lat_ttime                      1.000000000000000    1.000000000000000   -1.000000000000000
          ov_n                      1.153677159492883    1.000000000000000   -1.000000000000000
        percop                      1.000000000000000    1.000000000000000   -1.000000000000000
           prf                      1.000000000000000    1.000000000000000   -1.000000000000000
       sol_awc                      1.000043150724397    1.000000000000000   -1.000000000000000
        sol_bd                      1.000011995656198    1.000000000000000   -1.000000000000000
         sol_k                      1.074071642153719    1.000000000000000   -1.000000000000000
         sol_z                      1.000035097395844    1.000000000000000   -1.000000000000000
ss0_i:10_j:10_zone:1                      3.629999999999467e-06    1.000000000000000    0.000000000000000
ss0_i:10_j:30_zone:1                      3.629999999999666e-06    1.000000000000000    0.000000000000000
ss0_i:10_j:50_zone:1                      3.629999999999870e-06    1.000000000000000    0.000000000000000
ss0_i:30_j:30_zone:1                      3.629999999999509e-06    1.000000000000000    0.000000000000000
ss0_i:30_j:50_zone:1                      3.629999999999982e-06    1.000000000000000    0.000000000000000
ss0_i:50_j:30_zone:1                      3.629999999999782e-06    1.000000000000000    0.000000000000000
ss0_i:50_j:50_zone:1                      3.629999999999997e-06    1.000000000000000    0.000000000000000
ss0_i:70_j:50_zone:1                      3.629999999999882e-06    1.000000000000000    0.000000000000000
ss0_i:90_j:50_zone:1                      3.629999999999693e-06    1.000000000000000    0.000000000000000
        surlag                      1.000000000000000    1.000000000000000   -1.000000000000000
sy0_i:10_j:10_zone:1                      0.2000000000000000    1.000000000000000    0.000000000000000
sy0_i:10_j:30_zone:1                      0.3500000000000000    1.000000000000000    0.000000000000000
sy0_i:10_j:50_zone:1                      0.4500000000000000    1.000000000000000    0.000000000000000
sy0_i:30_j:30_zone:1                      0.3600000000000000    1.000000000000000    0.000000000000000
sy0_i:30_j:50_zone:1                      0.1700000000000000    1.000000000000000    0.000000000000000
sy0_i:50_j:30_zone:1                      0.07999999999999999    1.000000000000000    0.000000000000000
sy0_i:50_j:50_zone:1                      0.2900000000000000    1.000000000000000    0.000000000000000
sy0_i:70_j:50_zone:1                      0.4500000000000000    1.000000000000000    0.000000000000000
sy0_i:90_j:50_zone:1                      0.1600000000000000    1.000000000000000    0.000000000000000
