single point
         canmx                      50.00000000000000    1.000000000000000    0.000000000000000
         ch_k2                      20.00000000000000    1.000000000000000    0.000000000000000
         ch_n2                      2.685974702930231    1.000000000000000    0.000000000000000
         ch_s2                      4.626091235888098    1.000000000000000    0.000000000000000
           cn2                      55.00000000000000    1.000000000000000    0.000000000000000
          epco                      0.5000000000000000    1.000000000000000    0.000000000000000
          esco                      0.4999353401018580    1.000000000000000    0.000000000000000
       flowmin                      50.00000000000000    1.000000000000000    0.000000000000000
hk0_i:10_j:10_zone:1                      18.00000000000000    1.000000000000000    0.000000000000000
hk0_i:10_j:30_zone:1                      10.00000000000000    1.000000000000000    0.000000000000000
hk0_i:10_j:50_zone:1                      0.5000000000000000    1.000000000000000    0.000000000000000
hk0_i:30_j:30_zone:1                      2.500000000000000    1.000000000000000    0.000000000000000
hk0_i:30_j:50_zone:1                      6.500000000000000    1.000000000000000    0.000000000000000
hk0_i:50_j:30_zone:1                      1.500000000000000    1.000000000000000    0.000000000000000
hk0_i:50_j:50_zone:1                      0.6800000000000000    1.000000000000000    0.000000000000000
hk0_i:70_j:50_zone:1                      2.890000000000000    1.000000000000000    0.000000000000000
hk0_i:90_j:50_zone:1                      1.650000000000000    1.000000000000000    0.000000000000000
     lat_ttime                      70.00000000000000    1.000000000000000    0.000000000000000
          ov_n                      28.47870420499872    1.000000000000000    0.000000000000000
        percop                      0.5000000000000000    1.000000000000000    0.000000000000000
           prf                      1.000000000000000    1.000000000000000    0.000000000000000
       sol_awc                      0.5027657227243604    1.000000000000000    0.000000000000000
        sol_bd                      1.000000000000000    1.000000000000000    0.000000000000000
         sol_k                      19.09782328679735    1.000000000000000    0.000000000000000
         sol_z                      998.7874991395250    1.000000000000000    0.000000000000000
ss0_i:10_j:10_zone:1                      3.280834760027591e-06    1.000000000000000    0.000000000000000
ss0_i:10_j:30_zone:1                      3.280816495406213e-06    1.000000000000000    0.000000000000000
ss0_i:10_j:50_zone:1                      3.280863677468232e-06    1.000000000000000    0.000000000000000
ss0_i:30_j:30_zone:1                      3.280796022481532e-06    1.000000000000000    0.000000000000000
ss0_i:30_j:50_zone:1                      3.280847053669578e-06    1.000000000000000    0.000000000000000
ss0_i:50_j:30_zone:1                      3.280851615224986e-06    1.000000000000000    0.000000000000000
ss0_i:50_j:50_zone:1                      3.280848479495056e-06    1.000000000000000    0.000000000000000
ss0_i:70_j:50_zone:1                      3.280885955658638e-06    1.000000000000000    0.000000000000000
ss0_i:90_j:50_zone:1                      3.280805523901494e-06    1.000000000000000    0.000000000000000
        surlag                      12.00000000000000    1.000000000000000    0.000000000000000
sy0_i:10_j:10_zone:1                      0.2000000000000000    1.000000000000000    0.000000000000000
sy0_i:10_j:30_zone:1                      0.3500000000000000    1.000000000000000    0.000000000000000
sy0_i:10_j:50_zone:1                      0.4500000000000000    1.000000000000000    0.000000000000000
sy0_i:30_j:30_zone:1                      0.3600000000000000    1.000000000000000    0.000000000000000
sy0_i:30_j:50_zone:1                      0.1700000000000000    1.000000000000000    0.000000000000000
sy0_i:50_j:30_zone:1                      0.08000000000000000    1.000000000000000    0.000000000000000
sy0_i:50_j:50_zone:1                      0.2900000000000000    1.000000000000000    0.000000000000000
sy0_i:70_j:50_zone:1                      0.4500000000000000    1.000000000000000    0.000000000000000
sy0_i:90_j:50_zone:1                      0.1600000000000000    1.000000000000000    0.000000000000000
