 SWAT recharge to water table (mm) (for each HRU)
 
 Day:           1
 Recharge (mm), Soil Perc. (mm) for each HRU
  0.0000000E+00  0.0000000E+00
  0.0000000E+00  0.0000000E+00
  0.0000000E+00  0.0000000E+00
  0.0000000E+00  0.0000000E+00
  0.0000000E+00  0.0000000E+00
  0.0000000E+00  0.0000000E+00
  0.0000000E+00  0.0000000E+00
  0.0000000E+00  0.0000000E+00
  0.0000000E+00  0.0000000E+00
  0.0000000E+00  0.0000000E+00
  0.0000000E+00  0.0000000E+00
  0.0000000E+00  0.0000000E+00
  0.0000000E+00  0.0000000E+00
  0.0000000E+00  0.0000000E+00
  0.0000000E+00  0.0000000E+00
  0.0000000E+00  0.0000000E+00
  0.0000000E+00  0.0000000E+00
  0.0000000E+00  0.0000000E+00
  0.0000000E+00  0.0000000E+00
  0.0000000E+00  0.0000000E+00
  0.0000000E+00  0.0000000E+00
  0.0000000E+00  0.0000000E+00
  0.0000000E+00  0.0000000E+00
  0.0000000E+00  0.0000000E+00
  0.0000000E+00  0.0000000E+00
  0.0000000E+00  0.0000000E+00
  0.0000000E+00  0.0000000E+00
  0.0000000E+00  0.0000000E+00
  0.0000000E+00  0.0000000E+00
  0.0000000E+00  0.0000000E+00
  0.0000000E+00  0.0000000E+00
  0.0000000E+00  0.0000000E+00
  0.0000000E+00  0.0000000E+00
  0.0000000E+00  0.0000000E+00
  0.0000000E+00  0.0000000E+00
  0.0000000E+00  0.0000000E+00
  0.0000000E+00  0.0000000E+00
  0.0000000E+00  0.0000000E+00
  0.0000000E+00  0.0000000E+00
  0.0000000E+00  0.0000000E+00
  0.0000000E+00  0.0000000E+00
  0.0000000E+00  0.0000000E+00
  0.0000000E+00  0.0000000E+00
  0.0000000E+00  0.0000000E+00
  0.0000000E+00  0.0000000E+00
  0.0000000E+00  0.0000000E+00
  0.0000000E+00  0.0000000E+00
  0.0000000E+00  0.0000000E+00
  0.0000000E+00  0.0000000E+00
  0.0000000E+00  0.0000000E+00
  0.0000000E+00  0.0000000E+00
  0.0000000E+00  0.0000000E+00
  0.0000000E+00  0.0000000E+00
  0.0000000E+00  0.0000000E+00
  0.0000000E+00  0.0000000E+00
  0.0000000E+00  0.0000000E+00
  0.0000000E+00  0.0000000E+00
  0.0000000E+00  0.0000000E+00
  0.0000000E+00  0.0000000E+00
  0.0000000E+00  0.0000000E+00
  0.0000000E+00  0.0000000E+00
  0.0000000E+00  0.0000000E+00
  0.0000000E+00  0.0000000E+00
  0.0000000E+00  0.0000000E+00
  0.0000000E+00  0.0000000E+00
  0.0000000E+00  0.0000000E+00
  0.0000000E+00  0.0000000E+00
  0.0000000E+00  0.0000000E+00
  0.0000000E+00  0.0000000E+00
  0.0000000E+00  0.0000000E+00
  0.0000000E+00  0.0000000E+00
  0.0000000E+00  0.0000000E+00
  0.0000000E+00  0.0000000E+00
  0.0000000E+00  0.0000000E+00
  0.0000000E+00  0.0000000E+00
  0.0000000E+00  0.0000000E+00
  0.0000000E+00  0.0000000E+00
  0.0000000E+00  0.0000000E+00
  0.0000000E+00  0.0000000E+00
  0.0000000E+00  0.0000000E+00
  0.0000000E+00  0.0000000E+00
  0.0000000E+00  0.0000000E+00
  0.0000000E+00  0.0000000E+00
  0.0000000E+00  0.0000000E+00
  0.0000000E+00  0.0000000E+00
  0.0000000E+00  0.0000000E+00
  0.0000000E+00  0.0000000E+00
  0.0000000E+00  0.0000000E+00
  0.0000000E+00  0.0000000E+00
  0.0000000E+00  0.0000000E+00
  0.0000000E+00  0.0000000E+00
  0.0000000E+00  0.0000000E+00
  0.0000000E+00  0.0000000E+00
  0.0000000E+00  0.0000000E+00
  0.0000000E+00  0.0000000E+00
  0.0000000E+00  0.0000000E+00
  0.0000000E+00  0.0000000E+00
  0.0000000E+00  0.0000000E+00
  0.0000000E+00  0.0000000E+00
  0.0000000E+00  0.0000000E+00
  0.0000000E+00  0.0000000E+00
  0.0000000E+00  0.0000000E+00
  0.0000000E+00  0.0000000E+00
  0.0000000E+00  0.0000000E+00
  0.0000000E+00  0.0000000E+00
  0.0000000E+00  0.0000000E+00
  0.0000000E+00  0.0000000E+00
  0.0000000E+00  0.0000000E+00
  0.0000000E+00  0.0000000E+00
  0.0000000E+00  0.0000000E+00
  0.0000000E+00  0.0000000E+00
  0.0000000E+00  0.0000000E+00
  0.0000000E+00  0.0000000E+00
  0.0000000E+00  0.0000000E+00
  0.0000000E+00  0.0000000E+00
  0.0000000E+00  0.0000000E+00
  0.0000000E+00  0.0000000E+00
  0.0000000E+00  0.0000000E+00
  0.0000000E+00  0.0000000E+00
  0.0000000E+00  0.0000000E+00
  0.0000000E+00  0.0000000E+00
  0.0000000E+00  0.0000000E+00
  0.0000000E+00  0.0000000E+00
  0.0000000E+00  0.0000000E+00
  0.0000000E+00  0.0000000E+00
  0.0000000E+00  0.0000000E+00
  0.0000000E+00  0.0000000E+00
  0.0000000E+00  0.0000000E+00
  0.0000000E+00  0.0000000E+00
  0.0000000E+00  0.0000000E+00
  0.0000000E+00  0.0000000E+00
  0.0000000E+00  0.0000000E+00
  0.0000000E+00  0.0000000E+00
  0.0000000E+00  0.0000000E+00
  0.0000000E+00  0.0000000E+00
  0.0000000E+00  0.0000000E+00
  0.0000000E+00  0.0000000E+00
  0.0000000E+00  0.0000000E+00
  0.0000000E+00  0.0000000E+00
  0.0000000E+00  0.0000000E+00
  0.0000000E+00  0.0000000E+00
  0.0000000E+00  0.0000000E+00
  0.0000000E+00  0.0000000E+00
  0.0000000E+00  0.0000000E+00
  0.0000000E+00  0.0000000E+00
  0.0000000E+00  0.0000000E+00
  0.0000000E+00  0.0000000E+00
  0.0000000E+00  0.0000000E+00
  0.0000000E+00  0.0000000E+00
  0.0000000E+00  0.0000000E+00
  0.0000000E+00  0.0000000E+00
  0.0000000E+00  0.0000000E+00
  0.0000000E+00  0.0000000E+00
  0.0000000E+00  0.0000000E+00
  0.0000000E+00  0.0000000E+00
  0.0000000E+00  0.0000000E+00
  0.0000000E+00  0.0000000E+00
  0.0000000E+00  0.0000000E+00
  0.0000000E+00  0.0000000E+00
  0.0000000E+00  0.0000000E+00
  0.0000000E+00  0.0000000E+00
  0.0000000E+00  0.0000000E+00
  0.0000000E+00  0.0000000E+00
  0.0000000E+00  0.0000000E+00
  0.0000000E+00  0.0000000E+00
  0.0000000E+00  0.0000000E+00
  0.0000000E+00  0.0000000E+00
  0.0000000E+00  0.0000000E+00
  0.0000000E+00  0.0000000E+00
  0.0000000E+00  0.0000000E+00
  0.0000000E+00  0.0000000E+00
  0.0000000E+00  0.0000000E+00
  0.0000000E+00  0.0000000E+00
  0.0000000E+00  0.0000000E+00
  0.0000000E+00  0.0000000E+00
  0.0000000E+00  0.0000000E+00
  0.0000000E+00  0.0000000E+00
  0.0000000E+00  0.0000000E+00
  0.0000000E+00  0.0000000E+00
  0.0000000E+00  0.0000000E+00
  0.0000000E+00  0.0000000E+00
  0.0000000E+00  0.0000000E+00
  0.0000000E+00  0.0000000E+00
  0.0000000E+00  0.0000000E+00
  0.0000000E+00  0.0000000E+00
  0.0000000E+00  0.0000000E+00
  0.0000000E+00  0.0000000E+00
  0.0000000E+00  0.0000000E+00
  0.0000000E+00  0.0000000E+00
  0.0000000E+00  0.0000000E+00
  0.0000000E+00  0.0000000E+00
  0.0000000E+00  0.0000000E+00
  0.0000000E+00  0.0000000E+00
  0.0000000E+00  0.0000000E+00
  0.0000000E+00  0.0000000E+00
  0.0000000E+00  0.0000000E+00
  0.0000000E+00  0.0000000E+00
  0.0000000E+00  0.0000000E+00
  0.0000000E+00  0.0000000E+00
 
 
 Day:        1000
 Recharge (mm), Soil Perc. (mm) for each HRU
  0.0000000E+00  0.0000000E+00
  0.0000000E+00  0.0000000E+00
  1.2840511E-04  0.0000000E+00
  0.0000000E+00  0.0000000E+00
  0.0000000E+00  0.0000000E+00
  0.0000000E+00  0.0000000E+00
  0.0000000E+00  0.0000000E+00
  0.0000000E+00  0.0000000E+00
  0.0000000E+00  0.0000000E+00
  0.0000000E+00  0.0000000E+00
  0.0000000E+00  0.0000000E+00
  0.0000000E+00  0.0000000E+00
  0.0000000E+00  0.0000000E+00
  0.0000000E+00  0.0000000E+00
  5.4867280E-04  0.0000000E+00
  5.5241759E-04  0.0000000E+00
  2.2367907E-03  0.0000000E+00
  6.7039533E-04  0.0000000E+00
  6.7218108E-04  0.0000000E+00
  8.0437690E-02  0.0000000E+00
  0.0000000E+00  0.0000000E+00
  0.0000000E+00  0.0000000E+00
  1.5925206E-02  0.0000000E+00
  1.6004622E-02  0.0000000E+00
  0.0000000E+00  0.0000000E+00
  0.0000000E+00  0.0000000E+00
  2.7212882E-03  0.0000000E+00
  8.9981811E-05  0.0000000E+00
  0.0000000E+00  0.0000000E+00
  0.0000000E+00  0.0000000E+00
  0.0000000E+00  0.0000000E+00
  0.0000000E+00  0.0000000E+00
  4.1185889E-02  0.0000000E+00
  0.0000000E+00  0.0000000E+00
  0.0000000E+00  0.0000000E+00
  0.0000000E+00  0.0000000E+00
  0.0000000E+00  0.0000000E+00
  0.0000000E+00  0.0000000E+00
  0.0000000E+00  0.0000000E+00
  0.0000000E+00  0.0000000E+00
  0.0000000E+00  0.0000000E+00
  0.0000000E+00  0.0000000E+00
  0.0000000E+00  0.0000000E+00
  0.0000000E+00  0.0000000E+00
  0.0000000E+00  0.0000000E+00
  0.0000000E+00  0.0000000E+00
  0.0000000E+00  0.0000000E+00
  0.0000000E+00  0.0000000E+00
  0.0000000E+00  0.0000000E+00
  0.0000000E+00  0.0000000E+00
  0.0000000E+00  0.0000000E+00
  0.0000000E+00  0.0000000E+00
  0.0000000E+00  0.0000000E+00
  0.0000000E+00  0.0000000E+00
  9.5685273E-02  0.0000000E+00
  4.5653083E-04  0.0000000E+00
  4.5562300E-04  0.0000000E+00
  0.0000000E+00  0.0000000E+00
  0.0000000E+00  0.0000000E+00
  3.6015327E-04  0.0000000E+00
  3.7707909E-04  0.0000000E+00
  9.5473474E-04  0.0000000E+00
  9.2155865E-04  0.0000000E+00
  0.1049181      0.0000000E+00
  0.1047445      0.0000000E+00
  0.2036477      0.0000000E+00
  0.2267939      0.0000000E+00
  4.5568164E-04  0.0000000E+00
  4.5650828E-04  0.0000000E+00
  9.5705353E-02  0.0000000E+00
  3.6226705E-04  0.0000000E+00
  3.7627795E-04  0.0000000E+00
  0.1193514      0.0000000E+00
  4.8015034E-04  0.0000000E+00
  4.7660802E-04  0.0000000E+00
  0.0000000E+00  0.0000000E+00
  0.0000000E+00  0.0000000E+00
  2.0532548E-02  0.0000000E+00
  2.0753523E-02  0.0000000E+00
  0.0000000E+00  0.0000000E+00
  0.0000000E+00  0.0000000E+00
  1.5309064E-04  0.0000000E+00
  1.6415406E-04  0.0000000E+00
  0.0000000E+00  0.0000000E+00
  0.0000000E+00  0.0000000E+00
  0.0000000E+00  0.0000000E+00
  0.0000000E+00  0.0000000E+00
  0.1010079      0.0000000E+00
  0.1375577      0.0000000E+00
  1.7857433E-03  0.0000000E+00
  1.7931324E-03  0.0000000E+00
  0.1985749      0.0000000E+00
  0.1452679      0.0000000E+00
  0.1173271      0.0000000E+00
  0.2000585      0.0000000E+00
  0.2440328      0.0000000E+00
  0.2411823      0.0000000E+00
  3.6184162E-02  0.0000000E+00
  5.7788357E-02  0.0000000E+00
  0.1436058      0.0000000E+00
  0.0000000E+00  0.0000000E+00
  0.0000000E+00  0.0000000E+00
  0.1049376      0.0000000E+00
  9.8694302E-02  0.0000000E+00
  0.1890696      0.0000000E+00
  0.1813782      0.0000000E+00
  2.9482166E-04  0.0000000E+00
  2.9571625E-04  0.0000000E+00
  0.0000000E+00  0.0000000E+00
  0.0000000E+00  0.0000000E+00
  0.3309087      0.0000000E+00
  0.2915332      0.0000000E+00
  0.2890658      0.0000000E+00
  0.3720372      0.0000000E+00
  0.3692939      0.0000000E+00
  0.1891290      0.0000000E+00
  0.1436411      0.0000000E+00
  0.1049132      0.0000000E+00
  0.1034629      0.0000000E+00
  0.1885820      0.0000000E+00
  0.1868051      0.0000000E+00
  2.9482160E-04  0.0000000E+00
  1.1765219E-03  0.0000000E+00
  1.1718175E-03  0.0000000E+00
  0.1917316      0.0000000E+00
  0.2359463      0.0000000E+00
  0.2255562      0.0000000E+00
  0.1577097      0.0000000E+00
  0.1516329      0.0000000E+00
  8.5989892E-02  0.0000000E+00
  8.6196274E-02  0.0000000E+00
  4.6322361E-02  0.0000000E+00
  4.1181765E-02  0.0000000E+00
  3.8456295E-02  0.0000000E+00
  1.8114805E-02  0.0000000E+00
  1.8071769E-02  0.0000000E+00
  6.8348147E-02  0.0000000E+00
  6.5588728E-02  0.0000000E+00
  7.1082391E-02  0.0000000E+00
  7.1227953E-02  0.0000000E+00
  0.1720128      0.0000000E+00
  0.2113548      0.0000000E+00
  0.2093946      0.0000000E+00
  0.1372463      0.0000000E+00
  0.1422390      0.0000000E+00
  2.9024266E-02  0.0000000E+00
  4.4772051E-02  0.0000000E+00
  0.0000000E+00  0.0000000E+00
  0.0000000E+00  0.0000000E+00
  8.3414420E-02  0.0000000E+00
  0.1070706      0.0000000E+00
  0.1028652      0.0000000E+00
  5.1292099E-02  0.0000000E+00
  5.5072851E-02  0.0000000E+00
  8.3404504E-02  0.0000000E+00
  0.0000000E+00  0.0000000E+00
  0.0000000E+00  0.0000000E+00
  0.1067757      0.0000000E+00
  0.1056934      0.0000000E+00
  5.5061121E-02  0.0000000E+00
  5.2064326E-02  0.0000000E+00
  4.3273162E-02  0.0000000E+00
  7.3109344E-02  0.0000000E+00
  0.1428580      0.0000000E+00
  0.0000000E+00  0.0000000E+00
  0.0000000E+00  0.0000000E+00
  0.0000000E+00  0.0000000E+00
  1.0763897E-04  0.0000000E+00
  1.0838648E-04  0.0000000E+00
  4.5994874E-02  0.0000000E+00
  7.2800338E-02  0.0000000E+00
  0.1769327      0.0000000E+00
  0.1700291      0.0000000E+00
  2.0295408E-02  0.0000000E+00
  1.1983686E-02  0.0000000E+00
  0.3322951      0.0000000E+00
  0.2875474      0.0000000E+00
  0.2109271      0.0000000E+00
  0.1766411      0.0000000E+00
  0.1776630      0.0000000E+00
  8.3613120E-02  1.4387291E-02
  8.3293356E-02  1.4302557E-02
  0.2871899      0.0000000E+00
  0.2397580      0.0000000E+00
  0.3631804      0.0000000E+00
  0.3610243      0.0000000E+00
  0.2478367      0.0000000E+00
  0.2384258      0.0000000E+00
  0.2764298      0.0000000E+00
  0.2654177      0.0000000E+00
  0.2482820      0.0000000E+00
  0.1277077      0.0000000E+00
  3.4485243E-02  0.0000000E+00
  0.3040183      0.0000000E+00
  0.2930740      0.0000000E+00
  0.1890051      0.0000000E+00
  0.2485046      0.0000000E+00
  0.1868837      0.0000000E+00
  0.1770613      0.0000000E+00
 
 
 Day:        2000
 Recharge (mm), Soil Perc. (mm) for each HRU
  0.0000000E+00  0.0000000E+00
  0.0000000E+00  0.0000000E+00
  0.0000000E+00  0.0000000E+00
  0.0000000E+00  0.0000000E+00
  0.0000000E+00  0.0000000E+00
  0.0000000E+00  0.0000000E+00
  0.0000000E+00  0.0000000E+00
  0.0000000E+00  0.0000000E+00
  0.0000000E+00  0.0000000E+00
  0.0000000E+00  0.0000000E+00
  0.0000000E+00  0.0000000E+00
  0.0000000E+00  0.0000000E+00
  0.0000000E+00  0.0000000E+00
  0.0000000E+00  0.0000000E+00
  0.0000000E+00  0.0000000E+00
  0.0000000E+00  0.0000000E+00
  7.9033263E-05  0.0000000E+00
  0.0000000E+00  0.0000000E+00
  0.0000000E+00  0.0000000E+00
  0.3278905      0.0000000E+00
  1.2901895E-04  0.0000000E+00
  1.2922860E-04  0.0000000E+00
  1.2406202E-04  0.0000000E+00
  1.2534633E-04  0.0000000E+00
  2.8522491E-05  0.0000000E+00
  2.8586783E-05  0.0000000E+00
  1.8476052E-05  0.0000000E+00
  0.0000000E+00  0.0000000E+00
  0.0000000E+00  0.0000000E+00
  0.0000000E+00  0.0000000E+00
  0.0000000E+00  0.0000000E+00
  0.0000000E+00  0.0000000E+00
  0.1270569      0.0000000E+00
  0.0000000E+00  0.0000000E+00
  0.0000000E+00  0.0000000E+00
  0.0000000E+00  0.0000000E+00
  0.0000000E+00  0.0000000E+00
  0.0000000E+00  0.0000000E+00
  0.0000000E+00  0.0000000E+00
  0.0000000E+00  0.0000000E+00
  0.0000000E+00  0.0000000E+00
  0.0000000E+00  0.0000000E+00
  0.0000000E+00  0.0000000E+00
  0.0000000E+00  0.0000000E+00
  0.0000000E+00  0.0000000E+00
  0.0000000E+00  0.0000000E+00
  0.0000000E+00  0.0000000E+00
  0.0000000E+00  0.0000000E+00
  0.0000000E+00  0.0000000E+00
  0.0000000E+00  0.0000000E+00
  0.0000000E+00  0.0000000E+00
  0.0000000E+00  0.0000000E+00
  0.0000000E+00  0.0000000E+00
  0.0000000E+00  0.0000000E+00
  5.7168618E-02  0.0000000E+00
  2.6598926E-05  0.0000000E+00
  2.6495669E-05  0.0000000E+00
  0.0000000E+00  0.0000000E+00
  0.0000000E+00  0.0000000E+00
  8.7309403E-05  0.0000000E+00
  8.8249973E-05  0.0000000E+00
  4.1629519E-05  0.0000000E+00
  3.7522383E-05  0.0000000E+00
  1.1306311E-03  0.0000000E+00
  1.0475264E-03  0.0000000E+00
  0.2187369      0.0000000E+00
  0.2894153      0.0000000E+00
  2.6501593E-05  0.0000000E+00
  2.6596710E-05  0.0000000E+00
  5.7201069E-02  0.0000000E+00
  8.7424371E-05  0.0000000E+00
  8.8206310E-05  0.0000000E+00
  0.1288616      0.0000000E+00
  0.0000000E+00  0.0000000E+00
  0.0000000E+00  0.0000000E+00
  0.0000000E+00  0.0000000E+00
  0.0000000E+00  0.0000000E+00
  3.9428230E-03  0.0000000E+00
  3.9630607E-03  0.0000000E+00
  0.0000000E+00  0.0000000E+00
  0.0000000E+00  0.0000000E+00
  0.0000000E+00  0.0000000E+00
  0.0000000E+00  0.0000000E+00
  0.0000000E+00  0.0000000E+00
  0.0000000E+00  0.0000000E+00
  0.0000000E+00  0.0000000E+00
  0.0000000E+00  0.0000000E+00
  2.2539079E-02  0.0000000E+00
  2.6788551E-02  0.0000000E+00
  1.1933609E-03  0.0000000E+00
  1.2193855E-03  0.0000000E+00
  3.6821559E-02  0.0000000E+00
  3.1077456E-02  0.0000000E+00
  2.7528642E-02  0.0000000E+00
  4.5061093E-02  0.0000000E+00
  4.6888769E-02  0.0000000E+00
  4.6594914E-02  0.0000000E+00
  1.0475409E-04  0.0000000E+00
  6.7755458E-04  0.0000000E+00
  1.6712449E-02  0.0000000E+00
  0.0000000E+00  0.0000000E+00
  0.0000000E+00  0.0000000E+00
  1.5360750E-02  0.0000000E+00
  1.4832822E-02  0.0000000E+00
  1.9634100E-02  0.0000000E+00
  1.9012481E-02  0.0000000E+00
  4.9759808E-05  0.0000000E+00
  4.9905186E-05  0.0000000E+00
  1.3561067E-04  0.0000000E+00
  1.3447656E-04  0.0000000E+00
  3.3826582E-02  0.0000000E+00
  3.2428429E-02  0.0000000E+00
  3.2216784E-02  0.0000000E+00
  3.6667384E-02  0.0000000E+00
  3.6427110E-02  0.0000000E+00
  3.7537981E-03  0.0000000E+00
  1.6715538E-02  0.0000000E+00
  1.5358743E-02  0.0000000E+00
  1.5238339E-02  0.0000000E+00
  1.9594520E-02  0.0000000E+00
  1.9451812E-02  0.0000000E+00
  4.9761482E-05  0.0000000E+00
  2.3910949E-04  0.0000000E+00
  2.3793645E-04  0.0000000E+00
  3.9427549E-02  0.0000000E+00
  5.6792490E-02  0.0000000E+00
  4.9961615E-02  0.0000000E+00
  3.8017116E-02  0.0000000E+00
  3.6912572E-02  0.0000000E+00
  1.9832643E-02  0.0000000E+00
  1.9852448E-02  0.0000000E+00
  4.3902691E-02  0.0000000E+00
  4.2500675E-02  0.0000000E+00
  4.1237459E-02  0.0000000E+00
  2.7531598E-02  0.0000000E+00
  2.7489241E-02  0.0000000E+00
  6.0354639E-02  0.0000000E+00
  5.5280268E-02  0.0000000E+00
  5.0981189E-03  0.0000000E+00
  5.1217698E-03  0.0000000E+00
  3.3102132E-02  0.0000000E+00
  3.4381315E-02  0.0000000E+00
  3.4153294E-02  0.0000000E+00
  3.0787066E-02  0.0000000E+00
  3.1660076E-02  0.0000000E+00
  7.0108511E-03  0.0000000E+00
  9.3703056E-03  0.0000000E+00
  2.1182670E-05  0.0000000E+00
  2.1278862E-05  0.0000000E+00
  1.5602213E-02  0.0000000E+00
  1.7287184E-02  0.0000000E+00
  1.6755957E-02  0.0000000E+00
  1.3645975E-02  0.0000000E+00
  1.4221402E-02  0.0000000E+00
  1.5600747E-02  0.0000000E+00
  2.1277088E-05  0.0000000E+00
  2.1185007E-05  0.0000000E+00
  1.7254772E-02  0.0000000E+00
  1.7119424E-02  0.0000000E+00
  1.4219551E-02  0.0000000E+00
  1.3761148E-02  0.0000000E+00
  5.4404442E-03  0.0000000E+00
  8.0571761E-03  0.0000000E+00
  1.2869926E-02  0.0000000E+00
  0.0000000E+00  0.0000000E+00
  0.0000000E+00  0.0000000E+00
  0.0000000E+00  0.0000000E+00
  3.0578783E-05  0.0000000E+00
  3.0696261E-05  0.0000000E+00
  5.6783813E-03  0.0000000E+00
  8.0300104E-03  0.0000000E+00
  1.4015377E-02  0.0000000E+00
  1.3509942E-02  0.0000000E+00
  3.5639203E-04  0.0000000E+00
  1.1718783E-04  0.0000000E+00
  3.2796640E-02  0.0000000E+00
  2.5358098E-02  0.0000000E+00
  1.8603886E-02  0.0000000E+00
  1.7108064E-04  0.0000000E+00
  1.7209588E-04  0.0000000E+00
  4.8248865E-05  0.0000000E+00
  4.8018403E-05  0.0000000E+00
  2.5317993E-02  0.0000000E+00
  2.1136748E-02  0.0000000E+00
  3.2865044E-02  0.0000000E+00
  3.2682981E-02  0.0000000E+00
  1.7166160E-02  0.0000000E+00
  1.6433699E-02  0.0000000E+00
  3.6927454E-02  0.0000000E+00
  3.5854608E-02  0.0000000E+00
  3.2933310E-02  0.0000000E+00
  2.0332543E-02  0.0000000E+00
  2.7446650E-04  0.0000000E+00
  3.6977932E-02  0.0000000E+00
  3.6062527E-02  0.0000000E+00
  2.7048826E-02  0.0000000E+00
  3.2952897E-02  0.0000000E+00
  2.3575518E-02  0.0000000E+00
  2.2618372E-02  0.0000000E+00
 
 
 Day:        3000
 Recharge (mm), Soil Perc. (mm) for each HRU
  0.0000000E+00  0.0000000E+00
  0.0000000E+00  0.0000000E+00
  0.0000000E+00  0.0000000E+00
  0.0000000E+00  0.0000000E+00
  0.0000000E+00  0.0000000E+00
  0.0000000E+00  0.0000000E+00
  0.0000000E+00  0.0000000E+00
  0.0000000E+00  0.0000000E+00
  0.0000000E+00  0.0000000E+00
  0.0000000E+00  0.0000000E+00
  0.0000000E+00  0.0000000E+00
  0.0000000E+00  0.0000000E+00
  0.0000000E+00  0.0000000E+00
  0.0000000E+00  0.0000000E+00
  0.0000000E+00  0.0000000E+00
  0.0000000E+00  0.0000000E+00
  2.7859496E-05  0.0000000E+00
  0.0000000E+00  0.0000000E+00
  0.0000000E+00  0.0000000E+00
  4.7961645E-02  0.0000000E+00
  0.0000000E+00  0.0000000E+00
  0.0000000E+00  0.0000000E+00
  0.0000000E+00  0.0000000E+00
  0.0000000E+00  0.0000000E+00
  0.0000000E+00  0.0000000E+00
  0.0000000E+00  0.0000000E+00
  0.0000000E+00  0.0000000E+00
  0.0000000E+00  0.0000000E+00
  0.0000000E+00  0.0000000E+00
  0.0000000E+00  0.0000000E+00
  0.0000000E+00  0.0000000E+00
  0.0000000E+00  0.0000000E+00
  8.3663748E-05  0.0000000E+00
  0.0000000E+00  0.0000000E+00
  0.0000000E+00  0.0000000E+00
  0.0000000E+00  0.0000000E+00
  0.0000000E+00  0.0000000E+00
  0.0000000E+00  0.0000000E+00
  0.0000000E+00  0.0000000E+00
  0.0000000E+00  0.0000000E+00
  0.0000000E+00  0.0000000E+00
  0.0000000E+00  0.0000000E+00
  0.0000000E+00  0.0000000E+00
  0.0000000E+00  0.0000000E+00
  0.0000000E+00  0.0000000E+00
  0.0000000E+00  0.0000000E+00
  0.0000000E+00  0.0000000E+00
  0.0000000E+00  0.0000000E+00
  0.0000000E+00  0.0000000E+00
  0.0000000E+00  0.0000000E+00
  0.0000000E+00  0.0000000E+00
  0.0000000E+00  0.0000000E+00
  0.0000000E+00  0.0000000E+00
  0.0000000E+00  0.0000000E+00
  9.9624369E-05  0.0000000E+00
  0.0000000E+00  0.0000000E+00
  0.0000000E+00  0.0000000E+00
  0.0000000E+00  0.0000000E+00
  0.0000000E+00  0.0000000E+00
  0.0000000E+00  0.0000000E+00
  0.0000000E+00  0.0000000E+00
  0.0000000E+00  0.0000000E+00
  0.0000000E+00  0.0000000E+00
  1.4930547E-04  0.0000000E+00
  1.4906331E-04  0.0000000E+00
  8.9803003E-02  0.0000000E+00
  0.1699898      0.0000000E+00
  0.0000000E+00  0.0000000E+00
  0.0000000E+00  0.0000000E+00
  9.9641715E-05  0.0000000E+00
  0.0000000E+00  0.0000000E+00
  0.0000000E+00  0.0000000E+00
  1.8968654E-03  0.0000000E+00
  0.0000000E+00  0.0000000E+00
  0.0000000E+00  0.0000000E+00
  0.0000000E+00  0.0000000E+00
  0.0000000E+00  0.0000000E+00
  2.5767344E-05  0.0000000E+00
  2.6004482E-05  0.0000000E+00
  0.0000000E+00  0.0000000E+00
  0.0000000E+00  0.0000000E+00
  0.0000000E+00  0.0000000E+00
  0.0000000E+00  0.0000000E+00
  0.0000000E+00  0.0000000E+00
  0.0000000E+00  0.0000000E+00
  0.0000000E+00  0.0000000E+00
  0.0000000E+00  0.0000000E+00
  1.5267226E-04  0.0000000E+00
  2.0272608E-04  0.0000000E+00
  0.0000000E+00  0.0000000E+00
  0.0000000E+00  0.0000000E+00
  4.6682313E-02  0.0000000E+00
  2.9604384E-03  0.0000000E+00
  2.0576095E-04  0.0000000E+00
  0.1984023      0.0000000E+00
  0.2747107      0.0000000E+00
  0.2718568      0.0000000E+00
  8.4123621E-06  0.0000000E+00
  3.0005278E-05  0.0000000E+00
  1.1384061E-04  0.0000000E+00
  0.0000000E+00  0.0000000E+00
  0.0000000E+00  0.0000000E+00
  9.9250632E-05  0.0000000E+00
  9.5207928E-05  0.0000000E+00
  3.4063768E-03  0.0000000E+00
  1.3023292E-04  0.0000000E+00
  0.0000000E+00  0.0000000E+00
  0.0000000E+00  0.0000000E+00
  0.0000000E+00  0.0000000E+00
  0.0000000E+00  0.0000000E+00
  9.1920421E-02  0.0000000E+00
  2.0519659E-04  0.0000000E+00
  2.0373745E-04  0.0000000E+00
  0.1707569      0.0000000E+00
  0.1689072      0.0000000E+00
  1.6747774E-04  0.0000000E+00
  1.1385971E-04  0.0000000E+00
  9.9236218E-05  0.0000000E+00
  9.8327240E-05  0.0000000E+00
  3.0666334E-03  0.0000000E+00
  1.8991984E-03  0.0000000E+00
  0.0000000E+00  0.0000000E+00
  0.0000000E+00  0.0000000E+00
  0.0000000E+00  0.0000000E+00
  0.1923740      0.0000000E+00
  0.2688486      0.0000000E+00
  0.2579337      0.0000000E+00
  9.2257425E-02  0.0000000E+00
  8.3538726E-02  0.0000000E+00
  1.7881309E-04  0.0000000E+00
  1.7917967E-04  0.0000000E+00
  0.2355886      0.0000000E+00
  0.1224349      0.0000000E+00
  0.1127669      0.0000000E+00
  0.0000000E+00  0.0000000E+00
  0.0000000E+00  0.0000000E+00
  0.3107672      0.0000000E+00
  0.3010096      0.0000000E+00
  1.1480136E-04  0.0000000E+00
  1.1502519E-04  0.0000000E+00
  0.1212809      0.0000000E+00
  0.1985339      0.0000000E+00
  0.1966242      0.0000000E+00
  1.4858144E-02  0.0000000E+00
  2.1137532E-02  0.0000000E+00
  3.2562679E-05  0.0000000E+00
  5.0324503E-05  0.0000000E+00
  0.0000000E+00  0.0000000E+00
  0.0000000E+00  0.0000000E+00
  8.8540990E-05  0.0000000E+00
  2.0001477E-02  0.0000000E+00
  1.4462051E-02  0.0000000E+00
  7.2673414E-05  0.0000000E+00
  7.6984252E-05  0.0000000E+00
  8.8529938E-05  0.0000000E+00
  0.0000000E+00  0.0000000E+00
  0.0000000E+00  0.0000000E+00
  1.9625392E-02  0.0000000E+00
  1.8319860E-02  0.0000000E+00
  7.6970297E-05  0.0000000E+00
  7.3501527E-05  0.0000000E+00
  3.3469303E-05  0.0000000E+00
  5.7894635E-05  0.0000000E+00
  9.8013756E-05  0.0000000E+00
  0.0000000E+00  0.0000000E+00
  0.0000000E+00  0.0000000E+00
  0.0000000E+00  0.0000000E+00
  0.0000000E+00  0.0000000E+00
  0.0000000E+00  0.0000000E+00
  3.5716097E-05  0.0000000E+00
  5.7649282E-05  0.0000000E+00
  1.1702146E-04  0.0000000E+00
  1.1227917E-04  0.0000000E+00
  6.9492025E-06  0.0000000E+00
  1.6652680E-06  0.0000000E+00
  9.6907496E-02  0.0000000E+00
  2.3381240E-04  0.0000000E+00
  1.7034321E-04  0.0000000E+00
  0.0000000E+00  0.0000000E+00
  0.0000000E+00  0.0000000E+00
  0.0000000E+00  0.0000000E+00
  0.0000000E+00  0.0000000E+00
  2.3352777E-04  0.0000000E+00
  1.9469539E-04  0.0000000E+00
  0.1736340      0.0000000E+00
  0.1719856      0.0000000E+00
  1.8727346E-04  0.0000000E+00
  1.7887919E-04  0.0000000E+00
  0.1297729      0.0000000E+00
  0.1208863      0.0000000E+00
  2.9338372E-04  0.0000000E+00
  1.6239997E-04  0.0000000E+00
  0.0000000E+00  0.0000000E+00
  0.2054043      0.0000000E+00
  0.1975705      0.0000000E+00
  2.3261110E-04  0.0000000E+00
  2.9358969E-04  0.0000000E+00
  1.8984634E-04  0.0000000E+00
  1.7781068E-04  0.0000000E+00
 
