 Yearly Averaged GW/SW Rates for SWAT
 
 year:        2005
  -64083.90    
  -7175.824    
  -3029.676    
  -7689.695    
  -1533.629    
 
 year:        2006
  -66472.03    
  -7400.417    
  -3176.184    
  -7926.786    
   13186.32    
 
 year:        2007
  -278204.8    
  -44374.78    
  -21041.90    
  -46495.74    
   867033.3    
 
 year:        2008
  -93163.50    
  -29543.16    
  -13993.67    
  -35148.92    
   574796.4    
 
 year:        2009
  -67696.63    
  -23920.88    
  -11765.05    
   71216.55    
   588587.7    
 
 year:        2010
  -16940.36    
   48620.01    
   252359.8    
   848448.6    
   1676981.    
 
 year:        2011
  -29306.19    
   103600.7    
   242208.5    
   659476.5    
   1190276.    
 
 year:        2012
  -17164.41    
   185185.6    
   377575.4    
   1124442.    
   1774673.    
 
 year:        2013
  -15052.98    
   146943.4    
   317797.6    
   974595.4    
   1600635.    
 
 year:        2014
  -11648.17    
   117157.4    
   261261.1    
   834923.6    
   1353826.    
 
