single point
       adj_pkr                      1.000000000000000    1.000000000000000   -1.000000000000000
      c_factor                      1.000000000000000    1.000000000000000   -1.000000000000000
         canmx                      1.000000000000000    1.000000000000000   -1.000000000000000
         ch_k1                      1.000000000000000    1.000000000000000   -1.000000000000000
         ch_n1                      1.000000000000000    1.000000000000000   -1.000000000000000
         ch_s2                      1.000000000000000    1.000000000000000   -1.000000000000000
           cn2                      1.000000000000000    1.000000000000000   -1.000000000000000
          epco                      1.000000000000000    1.000000000000000   -1.000000000000000
          esco                      1.000000000000000    1.000000000000000   -1.000000000000000
       flowmin                      1.000000000000000    1.000000000000000   -1.000000000000000
hk0_i:15_j:15_zone:1                      18.00000000000000    1.000000000000000    0.000000000000000
hk0_i:15_j:25_zone:1                      18.00000000000000    1.000000000000000    0.000000000000000
hk0_i:15_j:35_zone:1                      18.00000000000000    1.000000000000000    0.000000000000000
hk0_i:15_j:45_zone:1                      18.00000000000000    1.000000000000000    0.000000000000000
hk0_i:15_j:55_zone:1                      18.00000000000000    1.000000000000000    0.000000000000000
hk0_i:25_j:15_zone:1                      18.00000000000000    1.000000000000000    0.000000000000000
hk0_i:25_j:25_zone:1                      18.00000000000000    1.000000000000000    0.000000000000000
hk0_i:25_j:35_zone:1                      18.00000000000000    1.000000000000000    0.000000000000000
hk0_i:25_j:45_zone:1                      18.00000000000000    1.000000000000000    0.000000000000000
hk0_i:25_j:55_zone:1                      18.00000000000000    1.000000000000000    0.000000000000000
hk0_i:25_j:65_zone:1                      18.00000000000000    1.000000000000000    0.000000000000000
hk0_i:35_j:25_zone:1                      18.00000000000000    1.000000000000000    0.000000000000000
hk0_i:35_j:35_zone:1                      18.00000000000000    1.000000000000000    0.000000000000000
hk0_i:35_j:45_zone:1                      18.00000000000000    1.000000000000000    0.000000000000000
hk0_i:35_j:55_zone:1                      18.00000000000000    1.000000000000000    0.000000000000000
hk0_i:35_j:65_zone:1                      18.00000000000000    1.000000000000000    0.000000000000000
hk0_i:45_j:25_zone:1                      18.00000000000000    1.000000000000000    0.000000000000000
hk0_i:45_j:35_zone:1                      18.00000000000000    1.000000000000000    0.000000000000000
hk0_i:45_j:45_zone:1                      18.00000000000000    1.000000000000000    0.000000000000000
hk0_i:45_j:55_zone:1                      18.00000000000000    1.000000000000000    0.000000000000000
hk0_i:45_j:65_zone:1                      18.00000000000000    1.000000000000000    0.000000000000000
hk0_i:55_j:45_zone:1                      18.00000000000000    1.000000000000000    0.000000000000000
hk0_i:55_j:55_zone:1                      18.00000000000000    1.000000000000000    0.000000000000000
hk0_i:55_j:65_zone:1                      18.00000000000000    1.000000000000000    0.000000000000000
hk0_i:5_j:15_zone:1                      18.00000000000000    1.000000000000000    0.000000000000000
hk0_i:5_j:5_zone:1                      18.00000000000000    1.000000000000000    0.000000000000000
hk0_i:65_j:55_zone:1                      18.00000000000000    1.000000000000000    0.000000000000000
hk0_i:75_j:55_zone:1                      18.00000000000000    1.000000000000000    0.000000000000000
hk0_i:85_j:45_zone:1                      18.00000000000000    1.000000000000000    0.000000000000000
hk0_i:85_j:55_zone:1                      18.00000000000000    1.000000000000000    0.000000000000000
hk0_i:95_j:55_zone:1                      18.00000000000000    1.000000000000000    0.000000000000000
       hru_slp                      1.000000000000000    1.000000000000000   -1.000000000000000
     lat_ttime                      1.000000000000000    1.000000000000000   -1.000000000000000
          ov_n                      1.000000000000000    1.000000000000000   -1.000000000000000
        percop                      1.000000000000000    1.000000000000000   -1.000000000000000
           prf                      1.000000000000000    1.000000000000000   -1.000000000000000
       prf_bsn                      1.000000000000000    1.000000000000000   -1.000000000000000
       sol_awc                      1.000000000000000    1.000000000000000   -1.000000000000000
        sol_bd                      1.000000000000000    1.000000000000000   -1.000000000000000
         sol_k                      1.000000000000000    1.000000000000000   -1.000000000000000
         sol_z                      1.000000000000000    1.000000000000000   -1.000000000000000
ss0_i:15_j:15_zone:1                      3.300000000000000e-06    1.000000000000000    0.000000000000000
ss0_i:15_j:25_zone:1                      3.300000000000000e-06    1.000000000000000    0.000000000000000
ss0_i:15_j:35_zone:1                      3.300000000000000e-06    1.000000000000000    0.000000000000000
ss0_i:15_j:45_zone:1                      3.300000000000000e-06    1.000000000000000    0.000000000000000
ss0_i:15_j:55_zone:1                      3.300000000000000e-06    1.000000000000000    0.000000000000000
ss0_i:25_j:15_zone:1                      3.300000000000000e-06    1.000000000000000    0.000000000000000
ss0_i:25_j:25_zone:1                      3.300000000000000e-06    1.000000000000000    0.000000000000000
ss0_i:25_j:35_zone:1                      3.300000000000000e-06    1.000000000000000    0.000000000000000
ss0_i:25_j:45_zone:1                      3.300000000000000e-06    1.000000000000000    0.000000000000000
ss0_i:25_j:55_zone:1                      3.300000000000000e-06    1.000000000000000    0.000000000000000
ss0_i:25_j:65_zone:1                      3.300000000000000e-06    1.000000000000000    0.000000000000000
ss0_i:35_j:25_zone:1                      3.300000000000000e-06    1.000000000000000    0.000000000000000
ss0_i:35_j:35_zone:1                      3.300000000000000e-06    1.000000000000000    0.000000000000000
ss0_i:35_j:45_zone:1                      3.300000000000000e-06    1.000000000000000    0.000000000000000
ss0_i:35_j:55_zone:1                      3.300000000000000e-06    1.000000000000000    0.000000000000000
ss0_i:35_j:65_zone:1                      3.300000000000000e-06    1.000000000000000    0.000000000000000
ss0_i:45_j:25_zone:1                      3.300000000000000e-06    1.000000000000000    0.000000000000000
ss0_i:45_j:35_zone:1                      3.300000000000000e-06    1.000000000000000    0.000000000000000
ss0_i:45_j:45_zone:1                      3.300000000000000e-06    1.000000000000000    0.000000000000000
ss0_i:45_j:55_zone:1                      3.300000000000000e-06    1.000000000000000    0.000000000000000
ss0_i:45_j:65_zone:1                      3.300000000000000e-06    1.000000000000000    0.000000000000000
ss0_i:55_j:45_zone:1                      3.300000000000000e-06    1.000000000000000    0.000000000000000
ss0_i:55_j:55_zone:1                      3.300000000000000e-06    1.000000000000000    0.000000000000000
ss0_i:55_j:65_zone:1                      3.300000000000000e-06    1.000000000000000    0.000000000000000
ss0_i:5_j:15_zone:1                      3.300000000000000e-06    1.000000000000000    0.000000000000000
ss0_i:5_j:5_zone:1                      3.300000000000000e-06    1.000000000000000    0.000000000000000
ss0_i:65_j:55_zone:1                      3.300000000000000e-06    1.000000000000000    0.000000000000000
ss0_i:75_j:55_zone:1                      3.300000000000000e-06    1.000000000000000    0.000000000000000
ss0_i:85_j:45_zone:1                      3.300000000000000e-06    1.000000000000000    0.000000000000000
ss0_i:85_j:55_zone:1                      3.300000000000000e-06    1.000000000000000    0.000000000000000
ss0_i:95_j:55_zone:1                      3.300000000000000e-06    1.000000000000000    0.000000000000000
        surlag                      1.000000000000000    1.000000000000000   -1.000000000000000
sy0_i:15_j:15_zone:1                      0.01000000000000000    1.000000000000000    0.000000000000000
sy0_i:15_j:25_zone:1                      0.01000000000000000    1.000000000000000    0.000000000000000
sy0_i:15_j:35_zone:1                      0.01000000000000000    1.000000000000000    0.000000000000000
sy0_i:15_j:45_zone:1                      0.01000000000000000    1.000000000000000    0.000000000000000
sy0_i:15_j:55_zone:1                      0.01000000000000000    1.000000000000000    0.000000000000000
sy0_i:25_j:15_zone:1                      0.01000000000000000    1.000000000000000    0.000000000000000
sy0_i:25_j:25_zone:1                      0.01000000000000000    1.000000000000000    0.000000000000000
sy0_i:25_j:35_zone:1                      0.01000000000000000    1.000000000000000    0.000000000000000
sy0_i:25_j:45_zone:1                      0.01000000000000000    1.000000000000000    0.000000000000000
sy0_i:25_j:55_zone:1                      0.01000000000000000    1.000000000000000    0.000000000000000
sy0_i:25_j:65_zone:1                      0.01000000000000000    1.000000000000000    0.000000000000000
sy0_i:35_j:25_zone:1                      0.01000000000000000    1.000000000000000    0.000000000000000
sy0_i:35_j:35_zone:1                      0.01000000000000000    1.000000000000000    0.000000000000000
sy0_i:35_j:45_zone:1                      0.01000000000000000    1.000000000000000    0.000000000000000
sy0_i:35_j:55_zone:1                      0.01000000000000000    1.000000000000000    0.000000000000000
sy0_i:35_j:65_zone:1                      0.01000000000000000    1.000000000000000    0.000000000000000
sy0_i:45_j:25_zone:1                      0.01000000000000000    1.000000000000000    0.000000000000000
sy0_i:45_j:35_zone:1                      0.01000000000000000    1.000000000000000    0.000000000000000
sy0_i:45_j:45_zone:1                      0.01000000000000000    1.000000000000000    0.000000000000000
sy0_i:45_j:55_zone:1                      0.01000000000000000    1.000000000000000    0.000000000000000
sy0_i:45_j:65_zone:1                      0.01000000000000000    1.000000000000000    0.000000000000000
sy0_i:55_j:45_zone:1                      0.01000000000000000    1.000000000000000    0.000000000000000
sy0_i:55_j:55_zone:1                      0.01000000000000000    1.000000000000000    0.000000000000000
sy0_i:55_j:65_zone:1                      0.01000000000000000    1.000000000000000    0.000000000000000
sy0_i:5_j:15_zone:1                      0.01000000000000000    1.000000000000000    0.000000000000000
sy0_i:5_j:5_zone:1                      0.01000000000000000    1.000000000000000    0.000000000000000
sy0_i:65_j:55_zone:1                      0.01000000000000000    1.000000000000000    0.000000000000000
sy0_i:75_j:55_zone:1                      0.01000000000000000    1.000000000000000    0.000000000000000
sy0_i:85_j:45_zone:1                      0.01000000000000000    1.000000000000000    0.000000000000000
sy0_i:85_j:55_zone:1                      0.01000000000000000    1.000000000000000    0.000000000000000
sy0_i:95_j:55_zone:1                      0.01000000000000000    1.000000000000000    0.000000000000000
