 Head values for selected MODFLOW cells
  2.46568E+02  2.33720E+02  1.95330E+02
  2.49035E+02  2.37009E+02  1.95445E+02
  2.51046E+02  2.39213E+02  1.95888E+02
  2.52712E+02  2.40894E+02  1.96309E+02
  2.54110E+02  2.42278E+02  1.96645E+02
  2.55301E+02  2.43468E+02  1.96894E+02
  2.56330E+02  2.44513E+02  1.97070E+02
  2.57235E+02  2.45451E+02  1.97188E+02
  2.58033E+02  2.46294E+02  1.97260E+02
  2.58743E+02  2.47063E+02  1.97296E+02
  2.59373E+02  2.47760E+02  1.97306E+02
  2.59935E+02  2.48399E+02  1.97297E+02
  2.60439E+02  2.48987E+02  1.97275E+02
  2.60891E+02  2.49530E+02  1.97243E+02
  2.61298E+02  2.50033E+02  1.97205E+02
  2.61664E+02  2.50500E+02  1.97161E+02
  2.61995E+02  2.50936E+02  1.97116E+02
  2.62293E+02  2.51344E+02  1.97069E+02
  2.62564E+02  2.51726E+02  1.97021E+02
  2.62808E+02  2.52085E+02  1.96975E+02
  2.63030E+02  2.52423E+02  1.96930E+02
  2.63232E+02  2.52742E+02  1.96888E+02
  2.63416E+02  2.53045E+02  1.96848E+02
  2.63583E+02  2.53331E+02  1.96810E+02
  2.63736E+02  2.53604E+02  1.96776E+02
  2.66070E+02  2.55326E+02  1.97200E+02
  2.72225E+02  2.60707E+02  2.00710E+02
  2.77982E+02  2.65740E+02  2.03681E+02
  2.83153E+02  2.70216E+02  2.06112E+02
  2.88321E+02  2.74710E+02  2.08150E+02
  2.94218E+02  2.81073E+02  2.11341E+02
  3.03478E+02  2.90678E+02  2.16883E+02
  3.18173E+02  3.01163E+02  2.22186E+02
  3.32528E+02  3.13412E+02  2.26658E+02
  3.43918E+02  3.23491E+02  2.28620E+02
  3.57151E+02  3.34692E+02  2.30051E+02
  3.78831E+02  3.54010E+02  2.35788E+02
  3.99328E+02  3.70836E+02  2.39680E+02
  4.15592E+02  3.82955E+02  2.41450E+02
  4.28121E+02  3.91531E+02  2.42468E+02
  4.37466E+02  3.97380E+02  2.42606E+02
  4.44146E+02  4.01105E+02  2.42059E+02
  4.49222E+02  4.03549E+02  2.40903E+02
  4.52513E+02  4.04711E+02  2.39252E+02
  4.54340E+02  4.04846E+02  2.37254E+02
  4.54983E+02  4.04182E+02  2.35104E+02
  4.54678E+02  4.02904E+02  2.33028E+02
  4.53619E+02  4.01156E+02  2.31131E+02
  4.51970E+02  3.99059E+02  2.29510E+02
  4.50472E+02  3.97186E+02  2.28180E+02
  4.48609E+02  3.95142E+02  2.27041E+02
  4.46420E+02  3.92909E+02  2.25971E+02
  4.43957E+02  3.90531E+02  2.24956E+02
  4.46975E+02  3.92904E+02  2.26505E+02
  4.51058E+02  3.96232E+02  2.26720E+02
  4.56601E+02  4.00552E+02  2.27755E+02
  4.70739E+02  4.13017E+02  2.37668E+02
  4.82206E+02  4.21883E+02  2.42327E+02
  4.90973E+02  4.27953E+02  2.44423E+02
  5.00144E+02  4.33999E+02  2.45058E+02
  5.13090E+02  4.43749E+02  2.46182E+02
  5.23392E+02  4.50600E+02  2.45526E+02
  5.31185E+02  4.55193E+02  2.43804E+02
  5.54647E+02  4.74884E+02  2.56950E+02
  5.79390E+02  4.94497E+02  2.65615E+02
  6.01529E+02  5.10580E+02  2.79776E+02
  6.18996E+02  5.21963E+02  2.85262E+02
  6.32393E+02  5.29838E+02  2.85810E+02
  6.42318E+02  5.35025E+02  2.83512E+02
  6.49308E+02  5.38101E+02  2.79609E+02
  6.53823E+02  5.39496E+02  2.74874E+02
  6.56263E+02  5.39542E+02  2.69791E+02
  6.56971E+02  5.38507E+02  2.64669E+02
  6.57584E+02  5.37514E+02  2.60729E+02
  6.57915E+02  5.36451E+02  2.56880E+02
  6.57013E+02  5.34701E+02  2.52830E+02
  6.55018E+02  5.32290E+02  2.48840E+02
  6.52091E+02  5.29336E+02  2.45067E+02
  6.48391E+02  5.25948E+02  2.41568E+02
  6.44068E+02  5.22233E+02  2.38384E+02
  6.39224E+02  5.18253E+02  2.35613E+02
  6.33962E+02  5.14073E+02  2.33294E+02
  6.28366E+02  5.09741E+02  2.31367E+02
  6.22512E+02  5.05304E+02  2.29728E+02
  6.23299E+02  5.06549E+02  2.30202E+02
  6.23253E+02  5.06935E+02  2.29725E+02
  6.22181E+02  5.06288E+02  2.28865E+02
  6.20150E+02  5.04772E+02  2.27885E+02
  6.17286E+02  5.02572E+02  2.26941E+02
  6.13726E+02  4.99842E+02  2.26060E+02
  6.09594E+02  4.96704E+02  2.25223E+02
  6.05004E+02  4.93259E+02  2.24420E+02
  6.00052E+02  4.89586E+02  2.23701E+02
  5.94822E+02  4.85747E+02  2.22994E+02
  5.89736E+02  4.81969E+02  2.22373E+02
  5.84635E+02  4.78180E+02  2.21763E+02
  5.79501E+02  4.74394E+02  2.21238E+02
  5.74324E+02  4.70623E+02  2.20725E+02
  5.69103E+02  4.66870E+02  2.20184E+02
  5.64142E+02  4.63337E+02  2.19657E+02
  5.59234E+02  4.59861E+02  2.19144E+02
  5.54342E+02  4.56416E+02  2.18648E+02
  5.49445E+02  4.52996E+02  2.18182E+02
  5.44538E+02  4.49599E+02  2.17740E+02
  5.39623E+02  4.46225E+02  2.17319E+02
  5.34707E+02  4.42873E+02  2.16909E+02
  5.29797E+02  4.39546E+02  2.16513E+02
  5.24905E+02  4.36247E+02  2.16160E+02
  5.20040E+02  4.32980E+02  2.15829E+02
  5.15209E+02  4.29747E+02  2.15503E+02
  5.10422E+02  4.26552E+02  2.15197E+02
  5.05686E+02  4.23399E+02  2.14901E+02
  5.01006E+02  4.20289E+02  2.14612E+02
  4.96389E+02  4.17225E+02  2.14332E+02
  4.91837E+02  4.14209E+02  2.14067E+02
  4.87356E+02  4.11243E+02  2.13822E+02
  4.82947E+02  4.08327E+02  2.13583E+02
  4.78613E+02  4.05463E+02  2.13350E+02
  4.74721E+02  4.02876E+02  2.13127E+02
  4.71057E+02  4.00410E+02  2.12913E+02
  4.67546E+02  3.98030E+02  2.12707E+02
  4.64128E+02  3.95718E+02  2.12508E+02
  4.62110E+02  3.94343E+02  2.12399E+02
  4.60035E+02  3.93000E+02  2.12292E+02
  4.57843E+02  3.91568E+02  2.12177E+02
  4.55514E+02  3.90035E+02  2.12053E+02
  4.58039E+02  3.91711E+02  2.11923E+02
  4.82070E+02  4.13426E+02  2.13252E+02
  5.02805E+02  4.30180E+02  2.14619E+02
  5.19679E+02  4.42707E+02  2.15901E+02
  5.33010E+02  4.51948E+02  2.16881E+02
  5.43257E+02  4.58610E+02  2.17445E+02
  5.50860E+02  4.63218E+02  2.17740E+02
  5.56225E+02  4.66178E+02  2.17853E+02
  5.61124E+02  4.68826E+02  2.17985E+02
  5.64149E+02  4.70322E+02  2.17992E+02
  5.65573E+02  4.70725E+02  2.17902E+02
  5.65671E+02  4.70217E+02  2.17740E+02
  5.64668E+02  4.68970E+02  2.17527E+02
  5.62770E+02  4.67139E+02  2.17279E+02
  5.60148E+02  4.64848E+02  2.17008E+02
  5.56946E+02  4.62203E+02  2.16723E+02
  5.53284E+02  4.59287E+02  2.16428E+02
  5.49261E+02  4.56169E+02  2.16139E+02
  5.44978E+02  4.52917E+02  2.15871E+02
  5.40487E+02  4.49564E+02  2.15597E+02
  5.39920E+02  4.48807E+02  2.15662E+02
  5.55914E+02  4.63900E+02  2.17905E+02
  5.69302E+02  4.74948E+02  2.19806E+02
  5.79651E+02  4.82662E+02  2.21109E+02
  6.05936E+02  5.04774E+02  2.30628E+02
  6.28242E+02  5.21507E+02  2.36016E+02
  6.46328E+02  5.33835E+02  2.38659E+02
  6.60529E+02  5.42737E+02  2.40206E+02
  6.71310E+02  5.48935E+02  2.40559E+02
  6.79122E+02  5.52959E+02  2.39987E+02
  6.84385E+02  5.55215E+02  2.38809E+02
  6.87480E+02  5.56032E+02  2.37306E+02
  6.88742E+02  5.55675E+02  2.35672E+02
  6.88463E+02  5.54360E+02  2.34013E+02
  6.86896E+02  5.52266E+02  2.32421E+02
  6.84249E+02  5.49535E+02  2.30901E+02
  6.80712E+02  5.46297E+02  2.29493E+02
  6.76461E+02  5.42669E+02  2.28174E+02
  6.71617E+02  5.38725E+02  2.27012E+02
  6.66295E+02  5.34536E+02  2.26053E+02
  6.60593E+02  5.30162E+02  2.25200E+02
  6.54593E+02  5.25653E+02  2.24405E+02
  6.48365E+02  5.21050E+02  2.23702E+02
  6.41968E+02  5.16386E+02  2.23010E+02
  6.35451E+02  5.11690E+02  2.22353E+02
  6.28857E+02  5.06987E+02  2.21766E+02
  6.22221E+02  5.02294E+02  2.21282E+02
  6.15573E+02  4.97626E+02  2.20794E+02
  6.08936E+02  4.92999E+02  2.20284E+02
  6.02332E+02  4.88420E+02  2.19777E+02
  5.95778E+02  4.83901E+02  2.19282E+02
  5.89287E+02  4.79444E+02  2.18801E+02
  5.82871E+02  4.75058E+02  2.18349E+02
  5.76539E+02  4.70746E+02  2.17928E+02
  5.70299E+02  4.66510E+02  2.17522E+02
  5.64157E+02  4.62352E+02  2.17127E+02
  5.58116E+02  4.58275E+02  2.16746E+02
  5.52181E+02  4.54279E+02  2.16399E+02
  5.46354E+02  4.50364E+02  2.16082E+02
  5.40637E+02  4.46531E+02  2.15765E+02
  5.35031E+02  4.42779E+02  2.15458E+02
  5.29536E+02  4.39108E+02  2.15167E+02
  5.24152E+02  4.35516E+02  2.14881E+02
  5.18878E+02  4.32004E+02  2.14604E+02
  5.13716E+02  4.28570E+02  2.14339E+02
  5.08662E+02  4.25213E+02  2.14086E+02
  5.03716E+02  4.21931E+02  2.13851E+02
