 Groundwater/Surface Water exchange (L3/T)
 for each MODFLOW River Cell
 Positive: River water seeps to the aquifer
 Negative: Groundwater flows from aquifer to river
 
 Day:           1
 Layer, Row, Column, Flow Rate
           1          25          17  0.0000000E+00
           1          25          18  0.0000000E+00
           1          26          18  0.0000000E+00
           1          26          19  0.0000000E+00
           1          27          19  0.0000000E+00
           1          27          20  0.0000000E+00
           1          28          20  0.0000000E+00
           1          28          21  0.0000000E+00
           1          29          21  0.0000000E+00
           1          29          22  0.0000000E+00
           1          30          22  0.0000000E+00
           1          31          22  0.0000000E+00
           1          31          23  0.0000000E+00
           1          32          22  0.0000000E+00
           1          32          23  0.0000000E+00
           1          33          22  0.0000000E+00
           1          34          22  0.0000000E+00
           1          34          23  0.0000000E+00
           1          35          23  0.0000000E+00
           1          35          24  0.0000000E+00
           1          36          23  0.0000000E+00
           1          36          24  0.0000000E+00
           1          36          25  0.0000000E+00
           1          36          26  0.0000000E+00
           1          36          27  0.0000000E+00
           1          37          27  0.0000000E+00
           1          37          56  0.0000000E+00
           1          37          57  0.0000000E+00
           1          38          27  0.0000000E+00
           1          38          55  0.0000000E+00
           1          38          56  0.0000000E+00
           1          39          27  0.0000000E+00
           1          39          55  0.0000000E+00
           1          40          25  0.0000000E+00
           1          40          26  0.0000000E+00
           1          40          27  0.0000000E+00
           1          40          55  0.0000000E+00
           1          41          25  0.0000000E+00
           1          41          26  0.0000000E+00
           1          41          27  0.0000000E+00
           1          41          33  0.0000000E+00
           1          41          53  0.0000000E+00
           1          41          54  0.0000000E+00
           1          41          55  0.0000000E+00
           1          42          27  0.0000000E+00
           1          42          33  0.0000000E+00
           1          42          34  0.0000000E+00
           1          42          52  0.0000000E+00
           1          42          53  0.0000000E+00
           1          43          27  0.0000000E+00
           1          43          28  0.0000000E+00
           1          43          34  0.0000000E+00
           1          43          52  0.0000000E+00
           1          44          28  0.0000000E+00
           1          44          29  0.0000000E+00
           1          44          30  0.0000000E+00
           1          44          34  0.0000000E+00
           1          44          35  0.0000000E+00
           1          44          52  0.0000000E+00
           1          44          53  0.0000000E+00
           1          45          30  0.0000000E+00
           1          45          35  0.0000000E+00
           1          45          53  0.0000000E+00
           1          46          30  0.0000000E+00
           1          46          35  0.0000000E+00
           1          46          51  0.0000000E+00
           1          46          52  0.0000000E+00
           1          46          53  0.0000000E+00
           1          47          30  0.0000000E+00
           1          47          31  0.0000000E+00
           1          47          32  0.0000000E+00
           1          47          35  0.0000000E+00
           1          47          50  0.0000000E+00
           1          47          51  0.0000000E+00
           1          48          32  0.0000000E+00
           1          48          33  0.0000000E+00
           1          48          35  0.0000000E+00
           1          48          36  0.0000000E+00
           1          48          49  0.0000000E+00
           1          48          50  0.0000000E+00
           1          49          33  0.0000000E+00
           1          49          34  0.0000000E+00
           1          49          35  0.0000000E+00
           1          49          36  0.0000000E+00
           1          49          37  0.0000000E+00
           1          49          38  0.0000000E+00
           1          49          41  0.0000000E+00
           1          49          42  0.0000000E+00
           1          49          49  0.0000000E+00
           1          50          34  0.0000000E+00
           1          50          35  0.0000000E+00
           1          50          36  0.0000000E+00
           1          50          37  0.0000000E+00
           1          50          38  0.0000000E+00
           1          50          39  0.0000000E+00
           1          50          40  0.0000000E+00
           1          50          41  0.0000000E+00
           1          50          42  0.0000000E+00
           1          50          43  0.0000000E+00
           1          50          49  0.0000000E+00
           1          51          43  0.0000000E+00
           1          51          48  0.0000000E+00
           1          51          49  0.0000000E+00
           1          52          43  0.0000000E+00
           1          52          48  0.0000000E+00
           1          52          49  0.0000000E+00
           1          52          50  0.0000000E+00
           1          53          43  0.0000000E+00
           1          53          44  0.0000000E+00
           1          53          47  0.0000000E+00
           1          53          48  0.0000000E+00
           1          53          50  0.0000000E+00
           1          53          51  0.0000000E+00
           1          54          44  0.0000000E+00
           1          54          45  0.0000000E+00
           1          54          46  0.0000000E+00
           1          54          47  0.0000000E+00
           1          54          51  0.0000000E+00
           1          54          52  0.0000000E+00
           1          55          52  0.0000000E+00
           1          56          52  0.0000000E+00
           1          56          53  0.0000000E+00
           1          56          54  0.0000000E+00
           1          57          53  0.0000000E+00
           1          57          54  0.0000000E+00
           1          58          53  0.0000000E+00
           1          59          53  0.0000000E+00
           1          60          53  0.0000000E+00
           1          61          53  0.0000000E+00
           1          61          54  0.0000000E+00
           1          61          55  0.0000000E+00
           1          61          56  0.0000000E+00
           1          62          56  0.0000000E+00
           1          63          56  0.0000000E+00
           1          63          57  0.0000000E+00
           1          64          56  0.0000000E+00
           1          64          57  0.0000000E+00
           1          65          56  0.0000000E+00
           1          66          56  0.0000000E+00
           1          67          56  0.0000000E+00
           1          68          56  0.0000000E+00
           1          68          57  0.0000000E+00
           1          69          57  0.0000000E+00
           1          70          57  0.0000000E+00
           1          70          58  0.0000000E+00
           1          71          58  0.0000000E+00
           1          72          58  0.0000000E+00
           1          73          54  0.0000000E+00
           1          73          55  0.0000000E+00
           1          73          56  0.0000000E+00
           1          73          57  0.0000000E+00
           1          73          58  0.0000000E+00
           1          74          54  0.0000000E+00
           1          75          54  0.0000000E+00
           1          75          55  0.0000000E+00
           1          76          54  0.0000000E+00
           1          76          55  0.0000000E+00
           1          77          53  0.0000000E+00
           1          77          54  0.0000000E+00
           1          78          53  0.0000000E+00
           1          78          54  0.0000000E+00
           1          78          55  0.0000000E+00
           1          79          55  0.0000000E+00
           1          79          56  0.0000000E+00
           1          80          56  0.0000000E+00
           1          81          56  0.0000000E+00
           1          82          56  0.0000000E+00
           1          83          56  0.0000000E+00
           1          84          53  0.0000000E+00
           1          84          54  0.0000000E+00
           1          84          55  0.0000000E+00
           1          84          56  0.0000000E+00
           1          85          53  0.0000000E+00
           1          85          54  0.0000000E+00
           1          85          55  0.0000000E+00
           1          86          53  0.0000000E+00
           1          86          54  0.0000000E+00
           1          87          54  0.0000000E+00
           1          87          55  0.0000000E+00
           1          88          55  0.0000000E+00
           1          88          56  0.0000000E+00
           1          88          57  0.0000000E+00
           1          89          57  0.0000000E+00
           1          90          56  0.0000000E+00
           1          90          57  0.0000000E+00
           1          91          54  0.0000000E+00
           1          91          55  0.0000000E+00
           1          91          56  0.0000000E+00
           1          92          54  0.0000000E+00
           1          93          54  0.0000000E+00
           1          93          55  0.0000000E+00
           1          93          56  0.0000000E+00
           1          93          57  0.0000000E+00
           1          94          57  0.0000000E+00
           1          94          58  0.0000000E+00
           1          95          56  0.0000000E+00
           1          95          57  0.0000000E+00
           1          96          56  0.0000000E+00
           1          96          57  0.0000000E+00
           1          97          54  0.0000000E+00
           1          97          55  0.0000000E+00
           1          97          57  0.0000000E+00
           1          97          58  0.0000000E+00
           1          98          54  0.0000000E+00
           1          98          55  0.0000000E+00
           1          98          56  0.0000000E+00
           1          98          57  0.0000000E+00
           1          98          58  0.0000000E+00
           1          99          54  0.0000000E+00
           1          99          55  0.0000000E+00
           1         100          54  0.0000000E+00
           1         100          55  0.0000000E+00
           1         101          55  0.0000000E+00
           1         101          56  0.0000000E+00
           1         101          57  0.0000000E+00
           1         102          57  0.0000000E+00
           1         102          58  0.0000000E+00
           1         103          58  0.0000000E+00
           1         103          59  0.0000000E+00
           1         104          58  0.0000000E+00
