 Groundwater/Surface Water exchange (m3/day)
 for each SWAT Subbasin
 Positive: Volume entering stream from the aquifer
 Negative: Volume seeps from stream to the aquifer
 
 Day:           1
 Daily GW/SW Exchange for each Subbasin
 Subbasin, RIVER pkg, DRAIN pkg, STREAM pkg
           1  0.0000000E+00  0.0000000E+00  0.0000000E+00
           2  0.0000000E+00  0.0000000E+00  0.0000000E+00
           3  0.0000000E+00  0.0000000E+00  0.0000000E+00
           4  0.0000000E+00  0.0000000E+00  0.0000000E+00
           5  0.0000000E+00  0.0000000E+00  0.0000000E+00
           1  -1994.036      0.0000000E+00  0.0000000E+00
           2  -238.1231      0.0000000E+00  0.0000000E+00
           3  -97.16922      0.0000000E+00  0.0000000E+00
           4  -256.2330      0.0000000E+00  0.0000000E+00
           5  -373.7038      0.0000000E+00  0.0000000E+00
           1  -23882.40      0.0000000E+00  0.0000000E+00
           2  -2654.590      0.0000000E+00  0.0000000E+00
           3  -1112.270      0.0000000E+00  0.0000000E+00
           4  -2843.510      0.0000000E+00  0.0000000E+00
           5  -4419.610      0.0000000E+00  0.0000000E+00
           1  -7945.740      0.0000000E+00  0.0000000E+00
           2  -835.4026      0.0000000E+00  0.0000000E+00
           3  -353.1608      0.0000000E+00  0.0000000E+00
           4  -891.6831      0.0000000E+00  0.0000000E+00
           5  -1455.250      0.0000000E+00  0.0000000E+00
           1  -5962.848      0.0000000E+00  0.0000000E+00
           2  -636.3878      0.0000000E+00  0.0000000E+00
           3  -267.7948      0.0000000E+00  0.0000000E+00
           4  -679.9274      0.0000000E+00  0.0000000E+00
           5  -1094.403      0.0000000E+00  0.0000000E+00
           1  -3975.617      0.0000000E+00  0.0000000E+00
           2  -422.1110      0.0000000E+00  0.0000000E+00
           3  -173.7819      0.0000000E+00  0.0000000E+00
           4  -450.8664      0.0000000E+00  0.0000000E+00
           5  -725.5433      0.0000000E+00  0.0000000E+00
           1  -1994.036      0.0000000E+00  0.0000000E+00
           2  -238.1231      0.0000000E+00  0.0000000E+00
           3  -97.16922      0.0000000E+00  0.0000000E+00
           4  -256.2330      0.0000000E+00  0.0000000E+00
           5  -373.7038      0.0000000E+00  0.0000000E+00
           1  -1994.036      0.0000000E+00  0.0000000E+00
           2  -238.1231      0.0000000E+00  0.0000000E+00
           3  -97.16922      0.0000000E+00  0.0000000E+00
           4  -256.2330      0.0000000E+00  0.0000000E+00
           5  -373.7038      0.0000000E+00  0.0000000E+00
           1  -11.14254      0.0000000E+00  0.0000000E+00
           2  -39.13795      0.0000000E+00  0.0000000E+00
           3  -11.84131      0.0000000E+00  0.0000000E+00
           4  -44.47729      0.0000000E+00  0.0000000E+00
           5  -12.91158      0.0000000E+00  0.0000000E+00
           1  -11.14254      0.0000000E+00  0.0000000E+00
           2  -39.13795      0.0000000E+00  0.0000000E+00
           3  -11.84131      0.0000000E+00  0.0000000E+00
           4  -44.47729      0.0000000E+00  0.0000000E+00
           5  -12.91158      0.0000000E+00  0.0000000E+00
           1  -6.807147      0.0000000E+00  0.0000000E+00
           2  -23.84624      0.0000000E+00  0.0000000E+00
           3  -3.156334      0.0000000E+00  0.0000000E+00
           4  -27.17186      0.0000000E+00  0.0000000E+00
           5  -4.844096      0.0000000E+00  0.0000000E+00
           1  -6.807147      0.0000000E+00  0.0000000E+00
           2  -23.84624      0.0000000E+00  0.0000000E+00
           3  -3.156334      0.0000000E+00  0.0000000E+00
           4  -27.17186      0.0000000E+00  0.0000000E+00
           5  -4.844096      0.0000000E+00  0.0000000E+00
           1  -3979.953      0.0000000E+00  0.0000000E+00
           2  -437.4027      0.0000000E+00  0.0000000E+00
           3  -182.4669      0.0000000E+00  0.0000000E+00
           4  -468.1718      0.0000000E+00  0.0000000E+00
           5  -733.6108      0.0000000E+00  0.0000000E+00
           1  -1994.036      0.0000000E+00  0.0000000E+00
           2  -238.1231      0.0000000E+00  0.0000000E+00
           3  -97.16922      0.0000000E+00  0.0000000E+00
           4  -256.2330      0.0000000E+00  0.0000000E+00
           5  -373.7038      0.0000000E+00  0.0000000E+00
           1  -1989.700      0.0000000E+00  0.0000000E+00
           2  -222.8610      0.0000000E+00  0.0000000E+00
           3  -88.52240      0.0000000E+00  0.0000000E+00
           4  -238.9276      0.0000000E+00  0.0000000E+00
           5  -365.6760      0.0000000E+00  0.0000000E+00
           1  -6.807147      0.0000000E+00  0.0000000E+00
           2  -23.84624      0.0000000E+00  0.0000000E+00
           3  -3.156334      0.0000000E+00  0.0000000E+00
           4  -27.17186      0.0000000E+00  0.0000000E+00
           5  -4.844096      0.0000000E+00  0.0000000E+00
           1  -1989.700      0.0000000E+00  0.0000000E+00
           2  -222.8610      0.0000000E+00  0.0000000E+00
           3  -88.52240      0.0000000E+00  0.0000000E+00
           4  -238.9276      0.0000000E+00  0.0000000E+00
           5  -365.6760      0.0000000E+00  0.0000000E+00
           1  -6.807147      0.0000000E+00  0.0000000E+00
           2  -23.84624      0.0000000E+00  0.0000000E+00
           3  -3.156334      0.0000000E+00  0.0000000E+00
           4  -27.17186      0.0000000E+00  0.0000000E+00
           5  -4.844096      0.0000000E+00  0.0000000E+00
           1  -6.807147      0.0000000E+00  0.0000000E+00
           2  -23.84624      0.0000000E+00  0.0000000E+00
           3  -3.156334      0.0000000E+00  0.0000000E+00
           4  -27.17186      0.0000000E+00  0.0000000E+00
           5  -4.844096      0.0000000E+00  0.0000000E+00
           1  -6.807147      0.0000000E+00  0.0000000E+00
           2  -23.84624      0.0000000E+00  0.0000000E+00
           3  -3.156334      0.0000000E+00  0.0000000E+00
           4  -27.17186      0.0000000E+00  0.0000000E+00
           5  -4.844096      0.0000000E+00  0.0000000E+00
           1  -6.807147      0.0000000E+00  0.0000000E+00
           2  -23.84624      0.0000000E+00  0.0000000E+00
           3  -3.156334      0.0000000E+00  0.0000000E+00
           4  -27.17186      0.0000000E+00  0.0000000E+00
           5  -4.844096      0.0000000E+00  0.0000000E+00
           1  -6.807147      0.0000000E+00  0.0000000E+00
           2  -23.84624      0.0000000E+00  0.0000000E+00
           3  -3.156334      0.0000000E+00  0.0000000E+00
           4  -27.17186      0.0000000E+00  0.0000000E+00
           5  -4.844096      0.0000000E+00  0.0000000E+00
           1  -6.807147      0.0000000E+00  0.0000000E+00
           2  -23.84624      0.0000000E+00  0.0000000E+00
           3  -3.156334      0.0000000E+00  0.0000000E+00
           4  -27.17186      0.0000000E+00  0.0000000E+00
           5  -4.844096      0.0000000E+00  0.0000000E+00
           1  -6.807147      0.0000000E+00  0.0000000E+00
           2  -23.84624      0.0000000E+00  0.0000000E+00
           3  -3.156334      0.0000000E+00  0.0000000E+00
           4  -27.17186      0.0000000E+00  0.0000000E+00
           5  -4.844096      0.0000000E+00  0.0000000E+00
           1  -6.807147      0.0000000E+00  0.0000000E+00
           2  -23.84624      0.0000000E+00  0.0000000E+00
           3  -3.156334      0.0000000E+00  0.0000000E+00
           4  -27.17186      0.0000000E+00  0.0000000E+00
           5  -4.844096      0.0000000E+00  0.0000000E+00
           1  -6.807147      0.0000000E+00  0.0000000E+00
           2  -23.84624      0.0000000E+00  0.0000000E+00
           3  -3.156334      0.0000000E+00  0.0000000E+00
           4  -27.17186      0.0000000E+00  0.0000000E+00
           5  -4.844096      0.0000000E+00  0.0000000E+00
           1  -35240.22      0.0000000E+00  0.0000000E+00
           2  -4181.108      0.0000000E+00  0.0000000E+00
           3  -1753.775      0.0000000E+00  0.0000000E+00
           4  -4477.252      0.0000000E+00  0.0000000E+00
           5  -6990.250      0.0000000E+00  0.0000000E+00
           1  -51097.91      0.0000000E+00  0.0000000E+00
           2  -11318.03      0.0000000E+00  0.0000000E+00
           3  -4828.354      0.0000000E+00  0.0000000E+00
           4  -12033.16      0.0000000E+00  0.0000000E+00
           5  -19157.88      0.0000000E+00  0.0000000E+00
           1   122149.8      0.0000000E+00  0.0000000E+00
           2   2406.264      0.0000000E+00  0.0000000E+00
           3  -918.0124      0.0000000E+00  0.0000000E+00
           4   34952.64      0.0000000E+00  0.0000000E+00
           5  -3673.133      0.0000000E+00  0.0000000E+00
           1   198389.2      0.0000000E+00  0.0000000E+00
           2   11093.69      0.0000000E+00  0.0000000E+00
           3   10132.89      0.0000000E+00  0.0000000E+00
           4   131360.7      0.0000000E+00  0.0000000E+00
           5  -3999.105      0.0000000E+00  0.0000000E+00
           1   348401.2      0.0000000E+00  0.0000000E+00
           2   57622.52      0.0000000E+00  0.0000000E+00
           3   35326.83      0.0000000E+00  0.0000000E+00
           4   266846.1      0.0000000E+00  0.0000000E+00
           5  -5828.105      0.0000000E+00  0.0000000E+00
           1   661444.3      0.0000000E+00  0.0000000E+00
           2   185477.7      0.0000000E+00  0.0000000E+00
           3   90560.23      0.0000000E+00  0.0000000E+00
           4   447282.2      0.0000000E+00  0.0000000E+00
           5   3038.121      0.0000000E+00  0.0000000E+00
           1   955075.2      0.0000000E+00  0.0000000E+00
           2   304706.2      0.0000000E+00  0.0000000E+00
           3   142705.5      0.0000000E+00  0.0000000E+00
           4   603744.4      0.0000000E+00  0.0000000E+00
           5   20289.12      0.0000000E+00  0.0000000E+00
           1   1202161.      0.0000000E+00  0.0000000E+00
           2   401120.0      0.0000000E+00  0.0000000E+00
           3   200044.5      0.0000000E+00  0.0000000E+00
           4   747207.2      0.0000000E+00  0.0000000E+00
           5   66588.45      0.0000000E+00  0.0000000E+00
           1   1364900.      0.0000000E+00  0.0000000E+00
           2   464730.8      0.0000000E+00  0.0000000E+00
           3   248486.9      0.0000000E+00  0.0000000E+00
           4   862364.8      0.0000000E+00  0.0000000E+00
           5   158491.7      0.0000000E+00  0.0000000E+00
           1   1477985.      0.0000000E+00  0.0000000E+00
           2   522158.2      0.0000000E+00  0.0000000E+00
           3   304669.7      0.0000000E+00  0.0000000E+00
           4   988655.9      0.0000000E+00  0.0000000E+00
           5   314706.3      0.0000000E+00  0.0000000E+00
           1   1853197.      0.0000000E+00  0.0000000E+00
           2   664965.4      0.0000000E+00  0.0000000E+00
           3   402031.1      0.0000000E+00  0.0000000E+00
           4   1213018.      0.0000000E+00  0.0000000E+00
           5   585580.6      0.0000000E+00  0.0000000E+00
           1   2164849.      0.0000000E+00  0.0000000E+00
           2   775734.6      0.0000000E+00  0.0000000E+00
           3   478240.4      0.0000000E+00  0.0000000E+00
           4   1418818.      0.0000000E+00  0.0000000E+00
           5   866897.4      0.0000000E+00  0.0000000E+00
           1   2357818.      0.0000000E+00  0.0000000E+00
           2   837509.7      0.0000000E+00  0.0000000E+00
           3   526754.9      0.0000000E+00  0.0000000E+00
           4   1578038.      0.0000000E+00  0.0000000E+00
           5   1112771.      0.0000000E+00  0.0000000E+00
           1   2473265.      0.0000000E+00  0.0000000E+00
           2   868041.8      0.0000000E+00  0.0000000E+00
           3   556538.8      0.0000000E+00  0.0000000E+00
           4   1697013.      0.0000000E+00  0.0000000E+00
           5   1308870.      0.0000000E+00  0.0000000E+00
           1   2533197.      0.0000000E+00  0.0000000E+00
           2   878737.1      0.0000000E+00  0.0000000E+00
           3   573892.2      0.0000000E+00  0.0000000E+00
           4   1785407.      0.0000000E+00  0.0000000E+00
           5   1461516.      0.0000000E+00  0.0000000E+00
           1   2542230.      0.0000000E+00  0.0000000E+00
           2   876029.9      0.0000000E+00  0.0000000E+00
           3   582531.2      0.0000000E+00  0.0000000E+00
           4   1850034.      0.0000000E+00  0.0000000E+00
           5   1579010.      0.0000000E+00  0.0000000E+00
           1   2511769.      0.0000000E+00  0.0000000E+00
           2   864366.9      0.0000000E+00  0.0000000E+00
           3   587420.3      0.0000000E+00  0.0000000E+00
           4   1901902.      0.0000000E+00  0.0000000E+00
           5   1678708.      0.0000000E+00  0.0000000E+00
           1   2450674.      0.0000000E+00  0.0000000E+00
           2   846827.4      0.0000000E+00  0.0000000E+00
           3   586477.4      0.0000000E+00  0.0000000E+00
           4   1936348.      0.0000000E+00  0.0000000E+00
           5   1753406.      0.0000000E+00  0.0000000E+00
           1   2369740.      0.0000000E+00  0.0000000E+00
           2   826076.7      0.0000000E+00  0.0000000E+00
           3   581870.7      0.0000000E+00  0.0000000E+00
           4   1957328.      0.0000000E+00  0.0000000E+00
           5   1807563.      0.0000000E+00  0.0000000E+00
           1   2275935.      0.0000000E+00  0.0000000E+00
           2   802848.0      0.0000000E+00  0.0000000E+00
           3   574002.2      0.0000000E+00  0.0000000E+00
           4   1967250.      0.0000000E+00  0.0000000E+00
           5   1842478.      0.0000000E+00  0.0000000E+00
           1   2178109.      0.0000000E+00  0.0000000E+00
           2   777911.6      0.0000000E+00  0.0000000E+00
           3   563426.6      0.0000000E+00  0.0000000E+00
           4   1968177.      0.0000000E+00  0.0000000E+00
           5   1861776.      0.0000000E+00  0.0000000E+00
           1   2080763.      0.0000000E+00  0.0000000E+00
           2   751876.3      0.0000000E+00  0.0000000E+00
           3   550834.7      0.0000000E+00  0.0000000E+00
           4   1961430.      0.0000000E+00  0.0000000E+00
           5   1868126.      0.0000000E+00  0.0000000E+00
           1   1987891.      0.0000000E+00  0.0000000E+00
           2   725545.1      0.0000000E+00  0.0000000E+00
           3   536962.2      0.0000000E+00  0.0000000E+00
           4   1948276.      0.0000000E+00  0.0000000E+00
           5   1865002.      0.0000000E+00  0.0000000E+00
           1   1901859.      0.0000000E+00  0.0000000E+00
           2   701264.5      0.0000000E+00  0.0000000E+00
           3   526732.1      0.0000000E+00  0.0000000E+00
           4   1934906.      0.0000000E+00  0.0000000E+00
           5   1882697.      0.0000000E+00  0.0000000E+00
           1   1823480.      0.0000000E+00  0.0000000E+00
           2   677555.6      0.0000000E+00  0.0000000E+00
           3   514414.3      0.0000000E+00  0.0000000E+00
           4   1915850.      0.0000000E+00  0.0000000E+00
           5   1884962.      0.0000000E+00  0.0000000E+00
           1   1750645.      0.0000000E+00  0.0000000E+00
           2   654556.1      0.0000000E+00  0.0000000E+00
           3   501092.2      0.0000000E+00  0.0000000E+00
           4   1892320.      0.0000000E+00  0.0000000E+00
           5   1876688.      0.0000000E+00  0.0000000E+00
           1   1683265.      0.0000000E+00  0.0000000E+00
           2   632433.5      0.0000000E+00  0.0000000E+00
           3   487422.8      0.0000000E+00  0.0000000E+00
           4   1865365.      0.0000000E+00  0.0000000E+00
           5   1860902.      0.0000000E+00  0.0000000E+00
           1   1707236.      0.0000000E+00  0.0000000E+00
           2   638197.1      0.0000000E+00  0.0000000E+00
           3   507959.1      0.0000000E+00  0.0000000E+00
           4   1889294.      0.0000000E+00  0.0000000E+00
           5   2015209.      0.0000000E+00  0.0000000E+00
           1   1694362.      0.0000000E+00  0.0000000E+00
           2   642002.0      0.0000000E+00  0.0000000E+00
           3   522449.5      0.0000000E+00  0.0000000E+00
           4   1923609.      0.0000000E+00  0.0000000E+00
           5   2127825.      0.0000000E+00  0.0000000E+00
           1   1762913.      0.0000000E+00  0.0000000E+00
           2   660119.6      0.0000000E+00  0.0000000E+00
           3   540228.2      0.0000000E+00  0.0000000E+00
           4   1973897.      0.0000000E+00  0.0000000E+00
           5   2232124.      0.0000000E+00  0.0000000E+00
           1   2479013.      0.0000000E+00  0.0000000E+00
           2   787009.2      0.0000000E+00  0.0000000E+00
           3   605978.2      0.0000000E+00  0.0000000E+00
           4   2142624.      0.0000000E+00  0.0000000E+00
           5   2471990.      0.0000000E+00  0.0000000E+00
           1   2832026.      0.0000000E+00  0.0000000E+00
           2   858703.2      0.0000000E+00  0.0000000E+00
           3   644187.6      0.0000000E+00  0.0000000E+00
           4   2272112.      0.0000000E+00  0.0000000E+00
           5   2644455.      0.0000000E+00  0.0000000E+00
           1   3009105.      0.0000000E+00  0.0000000E+00
           2   898725.9      0.0000000E+00  0.0000000E+00
           3   666332.7      0.0000000E+00  0.0000000E+00
           4   2368404.      0.0000000E+00  0.0000000E+00
           5   2771226.      0.0000000E+00  0.0000000E+00
           1   3066834.      0.0000000E+00  0.0000000E+00
           2   919932.0      0.0000000E+00  0.0000000E+00
           3   689212.0      0.0000000E+00  0.0000000E+00
           4   2476058.      0.0000000E+00  0.0000000E+00
           5   2913786.      0.0000000E+00  0.0000000E+00
           1   3088111.      0.0000000E+00  0.0000000E+00
           2   962961.5      0.0000000E+00  0.0000000E+00
           3   731568.3      0.0000000E+00  0.0000000E+00
           4   2609848.      0.0000000E+00  0.0000000E+00
           5   3104692.      0.0000000E+00  0.0000000E+00
           1   3047458.      0.0000000E+00  0.0000000E+00
           2   983541.5      0.0000000E+00  0.0000000E+00
           3   754351.8      0.0000000E+00  0.0000000E+00
           4   2705596.      0.0000000E+00  0.0000000E+00
           5   3240802.      0.0000000E+00  0.0000000E+00
           1   2971440.      0.0000000E+00  0.0000000E+00
           2   989856.8      0.0000000E+00  0.0000000E+00
           3   765169.9      0.0000000E+00  0.0000000E+00
           4   2772096.      0.0000000E+00  0.0000000E+00
           5   3336523.      0.0000000E+00  0.0000000E+00
           1   3744528.      0.0000000E+00  0.0000000E+00
           2   1146586.      0.0000000E+00  0.0000000E+00
           3   870510.1      0.0000000E+00  0.0000000E+00
           4   3034614.      0.0000000E+00  0.0000000E+00
           5   3770848.      0.0000000E+00  0.0000000E+00
           1   4284384.      0.0000000E+00  0.0000000E+00
           2   1277950.      0.0000000E+00  0.0000000E+00
           3   961111.1      0.0000000E+00  0.0000000E+00
           4   3308513.      0.0000000E+00  0.0000000E+00
           5   4174450.      0.0000000E+00  0.0000000E+00
           1   5241222.      0.0000000E+00  0.0000000E+00
           2   1388110.      0.0000000E+00  0.0000000E+00
           3   1024923.      0.0000000E+00  0.0000000E+00
           4   3563371.      0.0000000E+00  0.0000000E+00
           5   4485874.      0.0000000E+00  0.0000000E+00
           1   5646820.      0.0000000E+00  0.0000000E+00
           2   1450602.      0.0000000E+00  0.0000000E+00
           3   1061215.      0.0000000E+00  0.0000000E+00
           4   3756352.      0.0000000E+00  0.0000000E+00
           5   4712470.      0.0000000E+00  0.0000000E+00
           1   5756844.      0.0000000E+00  0.0000000E+00
           2   1480190.      0.0000000E+00  0.0000000E+00
           3   1080536.      0.0000000E+00  0.0000000E+00
           4   3899470.      0.0000000E+00  0.0000000E+00
           5   4876512.      0.0000000E+00  0.0000000E+00
           1   5692234.      0.0000000E+00  0.0000000E+00
           2   1486288.      0.0000000E+00  0.0000000E+00
           3   1087944.      0.0000000E+00  0.0000000E+00
           4   4001183.      0.0000000E+00  0.0000000E+00
           5   4990385.      0.0000000E+00  0.0000000E+00
           1   5526756.      0.0000000E+00  0.0000000E+00
           2   1476271.      0.0000000E+00  0.0000000E+00
           3   1086900.      0.0000000E+00  0.0000000E+00
           4   4069338.      0.0000000E+00  0.0000000E+00
           5   5065210.      0.0000000E+00  0.0000000E+00
           1   5303376.      0.0000000E+00  0.0000000E+00
           2   1455272.      0.0000000E+00  0.0000000E+00
           3   1079712.      0.0000000E+00  0.0000000E+00
           4   4109991.      0.0000000E+00  0.0000000E+00
           5   5109140.      0.0000000E+00  0.0000000E+00
           1   5049694.      0.0000000E+00  0.0000000E+00
           2   1426949.      0.0000000E+00  0.0000000E+00
           3   1068027.      0.0000000E+00  0.0000000E+00
           4   4128024.      0.0000000E+00  0.0000000E+00
           5   5128489.      0.0000000E+00  0.0000000E+00
           1   4783146.      0.0000000E+00  0.0000000E+00
           2   1393842.      0.0000000E+00  0.0000000E+00
           3   1053028.      0.0000000E+00  0.0000000E+00
           4   4127271.      0.0000000E+00  0.0000000E+00
           5   5127910.      0.0000000E+00  0.0000000E+00
           1   4532102.      0.0000000E+00  0.0000000E+00
           2   1369212.      0.0000000E+00  0.0000000E+00
           3   1045525.      0.0000000E+00  0.0000000E+00
           4   4122644.      0.0000000E+00  0.0000000E+00
           5   5126721.      0.0000000E+00  0.0000000E+00
           1   4288264.      0.0000000E+00  0.0000000E+00
           2   1343895.      0.0000000E+00  0.0000000E+00
           3   1037446.      0.0000000E+00  0.0000000E+00
           4   4117951.      0.0000000E+00  0.0000000E+00
           5   5118718.      0.0000000E+00  0.0000000E+00
           1   4049360.      0.0000000E+00  0.0000000E+00
           2   1314228.      0.0000000E+00  0.0000000E+00
           3   1023635.      0.0000000E+00  0.0000000E+00
           4   4096270.      0.0000000E+00  0.0000000E+00
           5   5097620.      0.0000000E+00  0.0000000E+00
           1   3818306.      0.0000000E+00  0.0000000E+00
           2   1281518.      0.0000000E+00  0.0000000E+00
           3   1006590.      0.0000000E+00  0.0000000E+00
           4   4061380.      0.0000000E+00  0.0000000E+00
           5   5064986.      0.0000000E+00  0.0000000E+00
           1   3598182.      0.0000000E+00  0.0000000E+00
           2   1247181.      0.0000000E+00  0.0000000E+00
           3   987688.9      0.0000000E+00  0.0000000E+00
           4   4016356.      0.0000000E+00  0.0000000E+00
           5   5022671.      0.0000000E+00  0.0000000E+00
           1   3393056.      0.0000000E+00  0.0000000E+00
           2   1212478.      0.0000000E+00  0.0000000E+00
           3   967817.4      0.0000000E+00  0.0000000E+00
           4   3964420.      0.0000000E+00  0.0000000E+00
           5   4972974.      0.0000000E+00  0.0000000E+00
           1   3203564.      0.0000000E+00  0.0000000E+00
           2   1178040.      0.0000000E+00  0.0000000E+00
           3   947452.4      0.0000000E+00  0.0000000E+00
           4   3906507.      0.0000000E+00  0.0000000E+00
           5   4917200.      0.0000000E+00  0.0000000E+00
           1   3028988.      0.0000000E+00  0.0000000E+00
           2   1144043.      0.0000000E+00  0.0000000E+00
           3   926760.4      0.0000000E+00  0.0000000E+00
           4   3843626.      0.0000000E+00  0.0000000E+00
           5   4856078.      0.0000000E+00  0.0000000E+00
           1   2873192.      0.0000000E+00  0.0000000E+00
           2   1111004.      0.0000000E+00  0.0000000E+00
           3   906084.2      0.0000000E+00  0.0000000E+00
           4   3777178.      0.0000000E+00  0.0000000E+00
           5   4791158.      0.0000000E+00  0.0000000E+00
           1   2732430.      0.0000000E+00  0.0000000E+00
           2   1078940.      0.0000000E+00  0.0000000E+00
           3   885496.9      0.0000000E+00  0.0000000E+00
           4   3707861.      0.0000000E+00  0.0000000E+00
           5   4722901.      0.0000000E+00  0.0000000E+00
           1   2604662.      0.0000000E+00  0.0000000E+00
           2   1047932.      0.0000000E+00  0.0000000E+00
           3   865108.1      0.0000000E+00  0.0000000E+00
           4   3636396.      0.0000000E+00  0.0000000E+00
           5   4652001.      0.0000000E+00  0.0000000E+00
           1   2528076.      0.0000000E+00  0.0000000E+00
           2   1047067.      0.0000000E+00  0.0000000E+00
           3   884211.6      0.0000000E+00  0.0000000E+00
           4   3624876.      0.0000000E+00  0.0000000E+00
           5   4755030.      0.0000000E+00  0.0000000E+00
           1   2445615.      0.0000000E+00  0.0000000E+00
           2   1041320.      0.0000000E+00  0.0000000E+00
           3   888793.6      0.0000000E+00  0.0000000E+00
           4   3598379.      0.0000000E+00  0.0000000E+00
           5   4804836.      0.0000000E+00  0.0000000E+00
           1   2369210.      0.0000000E+00  0.0000000E+00
           2   1031198.      0.0000000E+00  0.0000000E+00
           3   885144.1      0.0000000E+00  0.0000000E+00
           4   3561361.      0.0000000E+00  0.0000000E+00
           5   4820036.      0.0000000E+00  0.0000000E+00
           1   2291643.      0.0000000E+00  0.0000000E+00
           2   1016634.      0.0000000E+00  0.0000000E+00
           3   876291.2      0.0000000E+00  0.0000000E+00
           4   3515837.      0.0000000E+00  0.0000000E+00
           5   4808972.      0.0000000E+00  0.0000000E+00
           1   2217354.      0.0000000E+00  0.0000000E+00
           2   999239.3      0.0000000E+00  0.0000000E+00
           3   864292.8      0.0000000E+00  0.0000000E+00
           4   3464637.      0.0000000E+00  0.0000000E+00
           5   4779434.      0.0000000E+00  0.0000000E+00
           1   2146551.      0.0000000E+00  0.0000000E+00
           2   980013.1      0.0000000E+00  0.0000000E+00
           3   850258.6      0.0000000E+00  0.0000000E+00
           4   3409388.      0.0000000E+00  0.0000000E+00
           5   4736321.      0.0000000E+00  0.0000000E+00
           1   2079764.      0.0000000E+00  0.0000000E+00
           2   959642.9      0.0000000E+00  0.0000000E+00
           3   834885.1      0.0000000E+00  0.0000000E+00
           4   3351164.      0.0000000E+00  0.0000000E+00
           5   4683134.      0.0000000E+00  0.0000000E+00
           1   2016322.      0.0000000E+00  0.0000000E+00
           2   938664.2      0.0000000E+00  0.0000000E+00
           3   818673.6      0.0000000E+00  0.0000000E+00
           4   3290804.      0.0000000E+00  0.0000000E+00
           5   4622467.      0.0000000E+00  0.0000000E+00
           1   1955772.      0.0000000E+00  0.0000000E+00
           2   917452.1      0.0000000E+00  0.0000000E+00
           3   801965.1      0.0000000E+00  0.0000000E+00
           4   3228928.      0.0000000E+00  0.0000000E+00
           5   4556252.      0.0000000E+00  0.0000000E+00
           1   1897717.      0.0000000E+00  0.0000000E+00
           2   896287.2      0.0000000E+00  0.0000000E+00
           3   785002.8      0.0000000E+00  0.0000000E+00
           4   3166004.      0.0000000E+00  0.0000000E+00
           5   4485956.      0.0000000E+00  0.0000000E+00
           1   1842851.      0.0000000E+00  0.0000000E+00
           2   875748.1      0.0000000E+00  0.0000000E+00
           3   769215.7      0.0000000E+00  0.0000000E+00
           4   3114682.      0.0000000E+00  0.0000000E+00
           5   4414850.      0.0000000E+00  0.0000000E+00
           1   1790947.      0.0000000E+00  0.0000000E+00
           2   855863.0      0.0000000E+00  0.0000000E+00
           3   753074.3      0.0000000E+00  0.0000000E+00
           4   3059210.      0.0000000E+00  0.0000000E+00
           5   4341909.      0.0000000E+00  0.0000000E+00
           1   1743010.      0.0000000E+00  0.0000000E+00
           2   836685.4      0.0000000E+00  0.0000000E+00
           3   737113.2      0.0000000E+00  0.0000000E+00
           4   3001875.      0.0000000E+00  0.0000000E+00
           5   4268148.      0.0000000E+00  0.0000000E+00
           1   1696365.      0.0000000E+00  0.0000000E+00
           2   817938.7      0.0000000E+00  0.0000000E+00
           3   721389.8      0.0000000E+00  0.0000000E+00
           4   2943538.      0.0000000E+00  0.0000000E+00
           5   4193636.      0.0000000E+00  0.0000000E+00
           1   1651714.      0.0000000E+00  0.0000000E+00
           2   799720.8      0.0000000E+00  0.0000000E+00
           3   706023.8      0.0000000E+00  0.0000000E+00
           4   2884932.      0.0000000E+00  0.0000000E+00
           5   4119090.      0.0000000E+00  0.0000000E+00
           1   1609091.      0.0000000E+00  0.0000000E+00
           2   782360.1      0.0000000E+00  0.0000000E+00
           3   692661.7      0.0000000E+00  0.0000000E+00
           4   2833732.      0.0000000E+00  0.0000000E+00
           5   4053949.      0.0000000E+00  0.0000000E+00
           1   1568364.      0.0000000E+00  0.0000000E+00
           2   765698.3      0.0000000E+00  0.0000000E+00
           3   678998.6      0.0000000E+00  0.0000000E+00
           4   2780518.      0.0000000E+00  0.0000000E+00
           5   3986016.      0.0000000E+00  0.0000000E+00
           1   1529637.      0.0000000E+00  0.0000000E+00
           2   749584.4      0.0000000E+00  0.0000000E+00
           3   665401.4      0.0000000E+00  0.0000000E+00
           4   2726494.      0.0000000E+00  0.0000000E+00
           5   3916746.      0.0000000E+00  0.0000000E+00
           1   1492523.      0.0000000E+00  0.0000000E+00
           2   733965.8      0.0000000E+00  0.0000000E+00
           3   652023.4      0.0000000E+00  0.0000000E+00
           4   2672335.      0.0000000E+00  0.0000000E+00
           5   3846976.      0.0000000E+00  0.0000000E+00
           1   1456796.      0.0000000E+00  0.0000000E+00
           2   718788.6      0.0000000E+00  0.0000000E+00
           3   638904.6      0.0000000E+00  0.0000000E+00
           4   2618366.      0.0000000E+00  0.0000000E+00
           5   3777180.      0.0000000E+00  0.0000000E+00
           1   1422437.      0.0000000E+00  0.0000000E+00
           2   703981.8      0.0000000E+00  0.0000000E+00
           3   626037.1      0.0000000E+00  0.0000000E+00
           4   2564722.      0.0000000E+00  0.0000000E+00
           5   3707620.      0.0000000E+00  0.0000000E+00
           1   1390149.      0.0000000E+00  0.0000000E+00
           2   689650.2      0.0000000E+00  0.0000000E+00
           3   613481.1      0.0000000E+00  0.0000000E+00
           4   2511693.      0.0000000E+00  0.0000000E+00
           5   3638725.      0.0000000E+00  0.0000000E+00
           1   1357769.      0.0000000E+00  0.0000000E+00
           2   675528.4      0.0000000E+00  0.0000000E+00
           3   601113.8      0.0000000E+00  0.0000000E+00
           4   2458999.      0.0000000E+00  0.0000000E+00
           5   3570069.      0.0000000E+00  0.0000000E+00
           1   1326792.      0.0000000E+00  0.0000000E+00
           2   661764.2      0.0000000E+00  0.0000000E+00
           3   588995.2      0.0000000E+00  0.0000000E+00
           4   2406901.      0.0000000E+00  0.0000000E+00
           5   3502028.      0.0000000E+00  0.0000000E+00
           1   1297033.      0.0000000E+00  0.0000000E+00
           2   648306.1      0.0000000E+00  0.0000000E+00
           3   577099.0      0.0000000E+00  0.0000000E+00
           4   2355456.      0.0000000E+00  0.0000000E+00
           5   3434604.      0.0000000E+00  0.0000000E+00
           1   1268336.      0.0000000E+00  0.0000000E+00
           2   635095.9      0.0000000E+00  0.0000000E+00
           3   565408.2      0.0000000E+00  0.0000000E+00
           4   2304675.      0.0000000E+00  0.0000000E+00
           5   3367815.      0.0000000E+00  0.0000000E+00
           1   1240630.      0.0000000E+00  0.0000000E+00
           2   622186.7      0.0000000E+00  0.0000000E+00
           3   553961.7      0.0000000E+00  0.0000000E+00
           4   2254630.      0.0000000E+00  0.0000000E+00
           5   3301782.      0.0000000E+00  0.0000000E+00
           1   1213729.      0.0000000E+00  0.0000000E+00
           2   609613.8      0.0000000E+00  0.0000000E+00
           3   542767.5      0.0000000E+00  0.0000000E+00
           4   2205363.      0.0000000E+00  0.0000000E+00
           5   3236555.      0.0000000E+00  0.0000000E+00
           1   1187629.      0.0000000E+00  0.0000000E+00
           2   597297.4      0.0000000E+00  0.0000000E+00
           3   531794.4      0.0000000E+00  0.0000000E+00
           4   2156883.      0.0000000E+00  0.0000000E+00
           5   3172098.      0.0000000E+00  0.0000000E+00
           1   1162371.      0.0000000E+00  0.0000000E+00
           2   585241.6      0.0000000E+00  0.0000000E+00
           3   521043.3      0.0000000E+00  0.0000000E+00
           4   2109235.      0.0000000E+00  0.0000000E+00
           5   3108438.      0.0000000E+00  0.0000000E+00
           1   1137874.      0.0000000E+00  0.0000000E+00
           2   573407.3      0.0000000E+00  0.0000000E+00
           3   510484.1      0.0000000E+00  0.0000000E+00
           4   2062432.      0.0000000E+00  0.0000000E+00
           5   3045536.      0.0000000E+00  0.0000000E+00
           1   1114118.      0.0000000E+00  0.0000000E+00
           2   561806.7      0.0000000E+00  0.0000000E+00
           3   500124.5      0.0000000E+00  0.0000000E+00
           4   2016519.      0.0000000E+00  0.0000000E+00
           5   2983415.      0.0000000E+00  0.0000000E+00
           1   1090994.      0.0000000E+00  0.0000000E+00
           2   550414.6      0.0000000E+00  0.0000000E+00
           3   489956.5      0.0000000E+00  0.0000000E+00
           4   1971477.      0.0000000E+00  0.0000000E+00
           5   2922092.      0.0000000E+00  0.0000000E+00
           1   1068508.      0.0000000E+00  0.0000000E+00
           2   539250.6      0.0000000E+00  0.0000000E+00
           3   479988.2      0.0000000E+00  0.0000000E+00
           4   1927332.      0.0000000E+00  0.0000000E+00
           5   2861605.      0.0000000E+00  0.0000000E+00
           1   1046969.      0.0000000E+00  0.0000000E+00
           2   528750.8      0.0000000E+00  0.0000000E+00
           3   471979.9      0.0000000E+00  0.0000000E+00
           4   1895350.      0.0000000E+00  0.0000000E+00
           5   2812552.      0.0000000E+00  0.0000000E+00
           1   1025236.      0.0000000E+00  0.0000000E+00
           2   518712.2      0.0000000E+00  0.0000000E+00
           3   463537.2      0.0000000E+00  0.0000000E+00
           4   1861473.      0.0000000E+00  0.0000000E+00
           5   2760822.      0.0000000E+00  0.0000000E+00
           1   1005495.      0.0000000E+00  0.0000000E+00
           2   509299.0      0.0000000E+00  0.0000000E+00
           3   455184.8      0.0000000E+00  0.0000000E+00
           4   1826608.      0.0000000E+00  0.0000000E+00
           5   2708387.      0.0000000E+00  0.0000000E+00
           1   986316.4      0.0000000E+00  0.0000000E+00
           2   500233.9      0.0000000E+00  0.0000000E+00
           3   446998.8      0.0000000E+00  0.0000000E+00
           4   1791524.      0.0000000E+00  0.0000000E+00
           5   2655863.      0.0000000E+00  0.0000000E+00
           1   971962.4      0.0000000E+00  0.0000000E+00
           2   496122.8      0.0000000E+00  0.0000000E+00
           3   446879.0      0.0000000E+00  0.0000000E+00
           4   1769758.      0.0000000E+00  0.0000000E+00
           5   2633347.      0.0000000E+00  0.0000000E+00
           1   955617.5      0.0000000E+00  0.0000000E+00
           2   491027.2      0.0000000E+00  0.0000000E+00
           3   443392.4      0.0000000E+00  0.0000000E+00
           4   1744500.      0.0000000E+00  0.0000000E+00
           5   2602494.      0.0000000E+00  0.0000000E+00
           1   940433.3      0.0000000E+00  0.0000000E+00
           2   485324.3      0.0000000E+00  0.0000000E+00
           3   438376.4      0.0000000E+00  0.0000000E+00
           4   1717642.      0.0000000E+00  0.0000000E+00
           5   2566815.      0.0000000E+00  0.0000000E+00
           1   925193.1      0.0000000E+00  0.0000000E+00
           2   479049.1      0.0000000E+00  0.0000000E+00
           3   432592.8      0.0000000E+00  0.0000000E+00
           4   1689867.      0.0000000E+00  0.0000000E+00
           5   2527877.      0.0000000E+00  0.0000000E+00
           1   910588.9      0.0000000E+00  0.0000000E+00
           2   482926.1      0.0000000E+00  0.0000000E+00
           3   451483.3      0.0000000E+00  0.0000000E+00
           4   1708281.      0.0000000E+00  0.0000000E+00
           5   2581407.      0.0000000E+00  0.0000000E+00
           1   1039003.      0.0000000E+00  0.0000000E+00
           2   591709.6      0.0000000E+00  0.0000000E+00
           3   571203.4      0.0000000E+00  0.0000000E+00
           4   1961758.      0.0000000E+00  0.0000000E+00
           5   3023266.      0.0000000E+00  0.0000000E+00
           1   1111500.      0.0000000E+00  0.0000000E+00
           2   670063.9      0.0000000E+00  0.0000000E+00
           3   645510.4      0.0000000E+00  0.0000000E+00
           4   2158098.      0.0000000E+00  0.0000000E+00
           5   3340408.      0.0000000E+00  0.0000000E+00
           1   1193339.      0.0000000E+00  0.0000000E+00
           2   730700.2      0.0000000E+00  0.0000000E+00
           3   695168.9      0.0000000E+00  0.0000000E+00
           4   2312022.      0.0000000E+00  0.0000000E+00
           5   3579000.      0.0000000E+00  0.0000000E+00
           1   1234439.      0.0000000E+00  0.0000000E+00
           2   771281.1      0.0000000E+00  0.0000000E+00
           3   726613.5      0.0000000E+00  0.0000000E+00
           4   2426335.      0.0000000E+00  0.0000000E+00
           5   3747551.      0.0000000E+00  0.0000000E+00
           1   1261642.      0.0000000E+00  0.0000000E+00
           2   798004.0      0.0000000E+00  0.0000000E+00
           3   746082.5      0.0000000E+00  0.0000000E+00
           4   2512126.      0.0000000E+00  0.0000000E+00
           5   3866132.      0.0000000E+00  0.0000000E+00
           1   1278554.      0.0000000E+00  0.0000000E+00
           2   814152.7      0.0000000E+00  0.0000000E+00
           3   756843.4      0.0000000E+00  0.0000000E+00
           4   2575185.      0.0000000E+00  0.0000000E+00
           5   3946140.      0.0000000E+00  0.0000000E+00
           1   1285939.      0.0000000E+00  0.0000000E+00
           2   822173.9      0.0000000E+00  0.0000000E+00
           3   761051.2      0.0000000E+00  0.0000000E+00
           4   2619526.      0.0000000E+00  0.0000000E+00
           5   3995658.      0.0000000E+00  0.0000000E+00
           1   1295248.      0.0000000E+00  0.0000000E+00
           2   834941.4      0.0000000E+00  0.0000000E+00
           3   771441.0      0.0000000E+00  0.0000000E+00
           4   2654308.      0.0000000E+00  0.0000000E+00
           5   4048491.      0.0000000E+00  0.0000000E+00
           1   1296160.      0.0000000E+00  0.0000000E+00
           2   839463.2      0.0000000E+00  0.0000000E+00
           3   773163.4      0.0000000E+00  0.0000000E+00
           4   2675556.      0.0000000E+00  0.0000000E+00
           5   4075371.      0.0000000E+00  0.0000000E+00
           1   1293392.      0.0000000E+00  0.0000000E+00
           2   837750.7      0.0000000E+00  0.0000000E+00
           3   769350.8      0.0000000E+00  0.0000000E+00
           4   2684848.      0.0000000E+00  0.0000000E+00
           5   4081897.      0.0000000E+00  0.0000000E+00
           1   1286946.      0.0000000E+00  0.0000000E+00
           2   831429.1      0.0000000E+00  0.0000000E+00
           3   761832.6      0.0000000E+00  0.0000000E+00
           4   2683916.      0.0000000E+00  0.0000000E+00
           5   4072098.      0.0000000E+00  0.0000000E+00
           1   1277798.      0.0000000E+00  0.0000000E+00
           2   821892.0      0.0000000E+00  0.0000000E+00
           3   751770.8      0.0000000E+00  0.0000000E+00
           4   2674421.      0.0000000E+00  0.0000000E+00
           5   4049250.      0.0000000E+00  0.0000000E+00
           1   1266625.      0.0000000E+00  0.0000000E+00
           2   810131.1      0.0000000E+00  0.0000000E+00
           3   739938.5      0.0000000E+00  0.0000000E+00
           4   2657824.      0.0000000E+00  0.0000000E+00
           5   4016048.      0.0000000E+00  0.0000000E+00
           1   1255015.      0.0000000E+00  0.0000000E+00
           2   796973.4      0.0000000E+00  0.0000000E+00
           3   726945.9      0.0000000E+00  0.0000000E+00
           4   2635504.      0.0000000E+00  0.0000000E+00
           5   3974907.      0.0000000E+00  0.0000000E+00
           1   1240914.      0.0000000E+00  0.0000000E+00
           2   782632.2      0.0000000E+00  0.0000000E+00
           3   713056.3      0.0000000E+00  0.0000000E+00
           4   2608114.      0.0000000E+00  0.0000000E+00
           5   3926982.      0.0000000E+00  0.0000000E+00
           1   1227085.      0.0000000E+00  0.0000000E+00
           2   767775.4      0.0000000E+00  0.0000000E+00
           3   698714.6      0.0000000E+00  0.0000000E+00
           4   2576874.      0.0000000E+00  0.0000000E+00
           5   3874264.      0.0000000E+00  0.0000000E+00
           1   1212406.      0.0000000E+00  0.0000000E+00
           2   752516.0      0.0000000E+00  0.0000000E+00
           3   684071.6      0.0000000E+00  0.0000000E+00
           4   2542338.      0.0000000E+00  0.0000000E+00
           5   3817573.      0.0000000E+00  0.0000000E+00
           1   1197179.      0.0000000E+00  0.0000000E+00
           2   737097.8      0.0000000E+00  0.0000000E+00
           3   669354.1      0.0000000E+00  0.0000000E+00
           4   2505259.      0.0000000E+00  0.0000000E+00
           5   3758076.      0.0000000E+00  0.0000000E+00
           1   1180480.      0.0000000E+00  0.0000000E+00
           2   721531.7      0.0000000E+00  0.0000000E+00
           3   654586.9      0.0000000E+00  0.0000000E+00
           4   2465915.      0.0000000E+00  0.0000000E+00
           5   3696038.      0.0000000E+00  0.0000000E+00
           1   1180894.      0.0000000E+00  0.0000000E+00
           2   723065.3      0.0000000E+00  0.0000000E+00
           3   664296.4      0.0000000E+00  0.0000000E+00
           4   2463690.      0.0000000E+00  0.0000000E+00
           5   3723219.      0.0000000E+00  0.0000000E+00
           1   1418004.      0.0000000E+00  0.0000000E+00
           2   817868.2      0.0000000E+00  0.0000000E+00
           3   748721.8      0.0000000E+00  0.0000000E+00
           4   2661101.      0.0000000E+00  0.0000000E+00
           5   3997756.      0.0000000E+00  0.0000000E+00
           1   1545312.      0.0000000E+00  0.0000000E+00
           2   881486.4      0.0000000E+00  0.0000000E+00
           3   798702.4      0.0000000E+00  0.0000000E+00
           4   2811869.      0.0000000E+00  0.0000000E+00
           5   4190124.      0.0000000E+00  0.0000000E+00
           1   1646799.      0.0000000E+00  0.0000000E+00
           2   925991.1      0.0000000E+00  0.0000000E+00
           3   829366.1      0.0000000E+00  0.0000000E+00
           4   2925622.      0.0000000E+00  0.0000000E+00
           5   4329560.      0.0000000E+00  0.0000000E+00
           1   2263534.      0.0000000E+00  0.0000000E+00
           2   1071882.      0.0000000E+00  0.0000000E+00
           3   946187.6      0.0000000E+00  0.0000000E+00
           4   3254386.      0.0000000E+00  0.0000000E+00
           5   4841268.      0.0000000E+00  0.0000000E+00
           1   2577549.      0.0000000E+00  0.0000000E+00
           2   1167246.      0.0000000E+00  0.0000000E+00
           3   1016589.      0.0000000E+00  0.0000000E+00
           4   3503847.      0.0000000E+00  0.0000000E+00
           5   5201192.      0.0000000E+00  0.0000000E+00
           1   2764437.      0.0000000E+00  0.0000000E+00
           2   1230936.      0.0000000E+00  0.0000000E+00
           3   1060358.      0.0000000E+00  0.0000000E+00
           4   3694468.      0.0000000E+00  0.0000000E+00
           5   5461356.      0.0000000E+00  0.0000000E+00
           1   2853748.      0.0000000E+00  0.0000000E+00
           2   1268412.      0.0000000E+00  0.0000000E+00
           3   1085659.      0.0000000E+00  0.0000000E+00
           4   3834985.      0.0000000E+00  0.0000000E+00
           5   5641626.      0.0000000E+00  0.0000000E+00
           1   2885158.      0.0000000E+00  0.0000000E+00
           2   1287929.      0.0000000E+00  0.0000000E+00
           3   1098782.      0.0000000E+00  0.0000000E+00
           4   3937439.      0.0000000E+00  0.0000000E+00
           5   5764278.      0.0000000E+00  0.0000000E+00
           1   2874632.      0.0000000E+00  0.0000000E+00
           2   1294107.      0.0000000E+00  0.0000000E+00
           3   1103078.      0.0000000E+00  0.0000000E+00
           4   4009040.      0.0000000E+00  0.0000000E+00
           5   5842598.      0.0000000E+00  0.0000000E+00
           1   2836806.      0.0000000E+00  0.0000000E+00
           2   1290723.      0.0000000E+00  0.0000000E+00
           3   1100953.      0.0000000E+00  0.0000000E+00
           4   4055618.      0.0000000E+00  0.0000000E+00
           5   5886966.      0.0000000E+00  0.0000000E+00
           1   2780278.      0.0000000E+00  0.0000000E+00
           2   1280142.      0.0000000E+00  0.0000000E+00
           3   1093916.      0.0000000E+00  0.0000000E+00
           4   4081157.      0.0000000E+00  0.0000000E+00
           5   5904142.      0.0000000E+00  0.0000000E+00
           1   2713190.      0.0000000E+00  0.0000000E+00
           2   1264389.      0.0000000E+00  0.0000000E+00
           3   1083182.      0.0000000E+00  0.0000000E+00
           4   4089118.      0.0000000E+00  0.0000000E+00
           5   5899710.      0.0000000E+00  0.0000000E+00
           1   2640490.      0.0000000E+00  0.0000000E+00
           2   1244990.      0.0000000E+00  0.0000000E+00
           3   1069676.      0.0000000E+00  0.0000000E+00
           4   4082352.      0.0000000E+00  0.0000000E+00
           5   5877975.      0.0000000E+00  0.0000000E+00
           1   2566702.      0.0000000E+00  0.0000000E+00
           2   1223176.      0.0000000E+00  0.0000000E+00
           3   1054167.      0.0000000E+00  0.0000000E+00
           4   4063358.      0.0000000E+00  0.0000000E+00
           5   5842555.      0.0000000E+00  0.0000000E+00
           1   2492398.      0.0000000E+00  0.0000000E+00
           2   1199572.      0.0000000E+00  0.0000000E+00
           3   1037074.      0.0000000E+00  0.0000000E+00
           4   4033892.      0.0000000E+00  0.0000000E+00
           5   5795676.      0.0000000E+00  0.0000000E+00
           1   2419458.      0.0000000E+00  0.0000000E+00
           2   1174930.      0.0000000E+00  0.0000000E+00
           3   1018902.      0.0000000E+00  0.0000000E+00
           4   3995740.      0.0000000E+00  0.0000000E+00
           5   5739600.      0.0000000E+00  0.0000000E+00
           1   2349076.      0.0000000E+00  0.0000000E+00
           2   1149790.      0.0000000E+00  0.0000000E+00
           3   1000046.      0.0000000E+00  0.0000000E+00
           4   3950505.      0.0000000E+00  0.0000000E+00
           5   5676268.      0.0000000E+00  0.0000000E+00
           1   2281770.      0.0000000E+00  0.0000000E+00
           2   1124425.      0.0000000E+00  0.0000000E+00
           3   980697.9      0.0000000E+00  0.0000000E+00
           4   3899335.      0.0000000E+00  0.0000000E+00
           5   5606894.      0.0000000E+00  0.0000000E+00
           1   2218019.      0.0000000E+00  0.0000000E+00
           2   1099104.      0.0000000E+00  0.0000000E+00
           3   961076.5      0.0000000E+00  0.0000000E+00
           4   3843320.      0.0000000E+00  0.0000000E+00
           5   5532648.      0.0000000E+00  0.0000000E+00
           1   2157935.      0.0000000E+00  0.0000000E+00
           2   1074037.      0.0000000E+00  0.0000000E+00
           3   941344.3      0.0000000E+00  0.0000000E+00
           4   3783411.      0.0000000E+00  0.0000000E+00
           5   5454510.      0.0000000E+00  0.0000000E+00
           1   2100708.      0.0000000E+00  0.0000000E+00
           2   1049360.      0.0000000E+00  0.0000000E+00
           3   921633.0      0.0000000E+00  0.0000000E+00
           4   3720429.      0.0000000E+00  0.0000000E+00
           5   5373300.      0.0000000E+00  0.0000000E+00
           1   2045833.      0.0000000E+00  0.0000000E+00
           2   1025120.      0.0000000E+00  0.0000000E+00
           3   902039.5      0.0000000E+00  0.0000000E+00
           4   3655041.      0.0000000E+00  0.0000000E+00
           5   5289692.      0.0000000E+00  0.0000000E+00
           1   1993706.      0.0000000E+00  0.0000000E+00
           2   1001483.      0.0000000E+00  0.0000000E+00
           3   882700.5      0.0000000E+00  0.0000000E+00
           4   3588010.      0.0000000E+00  0.0000000E+00
           5   5204524.      0.0000000E+00  0.0000000E+00
           1   1941938.      0.0000000E+00  0.0000000E+00
           2   978202.6      0.0000000E+00  0.0000000E+00
           3   863546.7      0.0000000E+00  0.0000000E+00
           4   3519503.      0.0000000E+00  0.0000000E+00
           5   5117712.      0.0000000E+00  0.0000000E+00
           1   1892362.      0.0000000E+00  0.0000000E+00
           2   955492.2      0.0000000E+00  0.0000000E+00
           3   844694.1      0.0000000E+00  0.0000000E+00
           4   3450161.      0.0000000E+00  0.0000000E+00
           5   5029998.      0.0000000E+00  0.0000000E+00
           1   1844795.      0.0000000E+00  0.0000000E+00
           2   933390.1      0.0000000E+00  0.0000000E+00
           3   826182.2      0.0000000E+00  0.0000000E+00
           4   3380353.      0.0000000E+00  0.0000000E+00
           5   4941724.      0.0000000E+00  0.0000000E+00
           1   1799794.      0.0000000E+00  0.0000000E+00
           2   912017.7      0.0000000E+00  0.0000000E+00
           3   808087.3      0.0000000E+00  0.0000000E+00
           4   3310561.      0.0000000E+00  0.0000000E+00
           5   4853452.      0.0000000E+00  0.0000000E+00
           1   1755284.      0.0000000E+00  0.0000000E+00
           2   891062.5      0.0000000E+00  0.0000000E+00
           3   790297.3      0.0000000E+00  0.0000000E+00
           4   3240705.      0.0000000E+00  0.0000000E+00
           5   4764857.      0.0000000E+00  0.0000000E+00
           1   1712601.      0.0000000E+00  0.0000000E+00
           2   870664.5      0.0000000E+00  0.0000000E+00
           3   772897.7      0.0000000E+00  0.0000000E+00
           4   3171206.      0.0000000E+00  0.0000000E+00
           5   4676483.      0.0000000E+00  0.0000000E+00
           1   1671195.      0.0000000E+00  0.0000000E+00
           2   850801.9      0.0000000E+00  0.0000000E+00
           3   755892.5      0.0000000E+00  0.0000000E+00
           4   3102262.      0.0000000E+00  0.0000000E+00
           5   4588508.      0.0000000E+00  0.0000000E+00
           1   1631929.      0.0000000E+00  0.0000000E+00
           2   831548.8      0.0000000E+00  0.0000000E+00
           3   739335.1      0.0000000E+00  0.0000000E+00
           4   3034148.      0.0000000E+00  0.0000000E+00
           5   4501337.      0.0000000E+00  0.0000000E+00
           1   1592850.      0.0000000E+00  0.0000000E+00
           2   812672.2      0.0000000E+00  0.0000000E+00
           3   723103.0      0.0000000E+00  0.0000000E+00
           4   2966708.      0.0000000E+00  0.0000000E+00
           5   4414539.      0.0000000E+00  0.0000000E+00
           1   1555123.      0.0000000E+00  0.0000000E+00
           2   794295.2      0.0000000E+00  0.0000000E+00
           3   707263.2      0.0000000E+00  0.0000000E+00
           4   2900209.      0.0000000E+00  0.0000000E+00
           5   4328544.      0.0000000E+00  0.0000000E+00
           1   1518594.      0.0000000E+00  0.0000000E+00
           2   776410.2      0.0000000E+00  0.0000000E+00
           3   691810.6      0.0000000E+00  0.0000000E+00
           4   2834748.      0.0000000E+00  0.0000000E+00
           5   4243443.      0.0000000E+00  0.0000000E+00
           1   1484128.      0.0000000E+00  0.0000000E+00
           2   759135.6      0.0000000E+00  0.0000000E+00
           3   676796.0      0.0000000E+00  0.0000000E+00
           4   2770556.      0.0000000E+00  0.0000000E+00
           5   4159570.      0.0000000E+00  0.0000000E+00
           1   1449417.      0.0000000E+00  0.0000000E+00
           2   742182.1      0.0000000E+00  0.0000000E+00
           3   662083.9      0.0000000E+00  0.0000000E+00
           4   2707344.      0.0000000E+00  0.0000000E+00
           5   4076418.      0.0000000E+00  0.0000000E+00
           1   1415996.      0.0000000E+00  0.0000000E+00
           2   725713.8      0.0000000E+00  0.0000000E+00
           3   647743.6      0.0000000E+00  0.0000000E+00
           4   2645366.      0.0000000E+00  0.0000000E+00
           5   3994370.      0.0000000E+00  0.0000000E+00
           1   1383656.      0.0000000E+00  0.0000000E+00
           2   709683.2      0.0000000E+00  0.0000000E+00
           3   633761.1      0.0000000E+00  0.0000000E+00
           4   2584620.      0.0000000E+00  0.0000000E+00
           5   3913457.      0.0000000E+00  0.0000000E+00
           1   1352281.      0.0000000E+00  0.0000000E+00
           2   694082.4      0.0000000E+00  0.0000000E+00
           3   620124.9      0.0000000E+00  0.0000000E+00
           4   2525134.      0.0000000E+00  0.0000000E+00
           5   3833709.      0.0000000E+00  0.0000000E+00
           1   1322810.      0.0000000E+00  0.0000000E+00
           2   679071.6      0.0000000E+00  0.0000000E+00
           3   606912.6      0.0000000E+00  0.0000000E+00
           4   2467098.      0.0000000E+00  0.0000000E+00
           5   3755463.      0.0000000E+00  0.0000000E+00
           1   1293041.      0.0000000E+00  0.0000000E+00
           2   664358.2      0.0000000E+00  0.0000000E+00
           3   593982.2      0.0000000E+00  0.0000000E+00
           4   2410165.      0.0000000E+00  0.0000000E+00
           5   3678162.      0.0000000E+00  0.0000000E+00
           1   1264173.      0.0000000E+00  0.0000000E+00
           2   650051.2      0.0000000E+00  0.0000000E+00
           3   581378.5      0.0000000E+00  0.0000000E+00
           4   2354532.      0.0000000E+00  0.0000000E+00
           5   3602102.      0.0000000E+00  0.0000000E+00
           1   1236269.      0.0000000E+00  0.0000000E+00
           2   636119.2      0.0000000E+00  0.0000000E+00
           3   569085.2      0.0000000E+00  0.0000000E+00
           4   2300200.      0.0000000E+00  0.0000000E+00
           5   3527270.      0.0000000E+00  0.0000000E+00
           1   1209239.      0.0000000E+00  0.0000000E+00
           2   622566.8      0.0000000E+00  0.0000000E+00
           3   557120.3      0.0000000E+00  0.0000000E+00
           4   2247131.      0.0000000E+00  0.0000000E+00
           5   3453744.      0.0000000E+00  0.0000000E+00
           1   1183028.      0.0000000E+00  0.0000000E+00
           2   609441.1      0.0000000E+00  0.0000000E+00
           3   545491.9      0.0000000E+00  0.0000000E+00
           4   2195330.      0.0000000E+00  0.0000000E+00
           5   3381551.      0.0000000E+00  0.0000000E+00
           1   1157668.      0.0000000E+00  0.0000000E+00
           2   596684.7      0.0000000E+00  0.0000000E+00
           3   534165.2      0.0000000E+00  0.0000000E+00
           4   2144794.      0.0000000E+00  0.0000000E+00
           5   3310632.      0.0000000E+00  0.0000000E+00
           1   1133117.      0.0000000E+00  0.0000000E+00
           2   584251.7      0.0000000E+00  0.0000000E+00
           3   523123.3      0.0000000E+00  0.0000000E+00
           4   2095474.      0.0000000E+00  0.0000000E+00
           5   3240972.      0.0000000E+00  0.0000000E+00
           1   1109222.      0.0000000E+00  0.0000000E+00
           2   572127.4      0.0000000E+00  0.0000000E+00
           3   512345.6      0.0000000E+00  0.0000000E+00
           4   2047374.      0.0000000E+00  0.0000000E+00
           5   3172514.      0.0000000E+00  0.0000000E+00
           1   1095499.      0.0000000E+00  0.0000000E+00
           2   572858.1      0.0000000E+00  0.0000000E+00
           3   513704.5      0.0000000E+00  0.0000000E+00
           4   2013790.      0.0000000E+00  0.0000000E+00
           5   3120637.      0.0000000E+00  0.0000000E+00
           1   1345229.      0.0000000E+00  0.0000000E+00
           2   729576.5      0.0000000E+00  0.0000000E+00
           3   639960.7      0.0000000E+00  0.0000000E+00
           4   2241218.      0.0000000E+00  0.0000000E+00
           5   3346134.      0.0000000E+00  0.0000000E+00
           1   2358184.      0.0000000E+00  0.0000000E+00
           2   1033806.      0.0000000E+00  0.0000000E+00
           3   825426.1      0.0000000E+00  0.0000000E+00
           4   2636083.      0.0000000E+00  0.0000000E+00
           5   3759285.      0.0000000E+00  0.0000000E+00
           1   3056958.      0.0000000E+00  0.0000000E+00
           2   1265025.      0.0000000E+00  0.0000000E+00
           3   961757.0      0.0000000E+00  0.0000000E+00
           4   2978486.      0.0000000E+00  0.0000000E+00
           5   4185192.      0.0000000E+00  0.0000000E+00
           1   3475402.      0.0000000E+00  0.0000000E+00
           2   1400008.      0.0000000E+00  0.0000000E+00
           3   1046739.      0.0000000E+00  0.0000000E+00
           4   3238809.      0.0000000E+00  0.0000000E+00
           5   4506836.      0.0000000E+00  0.0000000E+00
           1   3720210.      0.0000000E+00  0.0000000E+00
           2   1475694.      0.0000000E+00  0.0000000E+00
           3   1097896.      0.0000000E+00  0.0000000E+00
           4   3430948.      0.0000000E+00  0.0000000E+00
           5   4745117.      0.0000000E+00  0.0000000E+00
           1   3826866.      0.0000000E+00  0.0000000E+00
           2   1510045.      0.0000000E+00  0.0000000E+00
           3   1124949.      0.0000000E+00  0.0000000E+00
           4   3567605.      0.0000000E+00  0.0000000E+00
           5   4912446.      0.0000000E+00  0.0000000E+00
           1   3842737.      0.0000000E+00  0.0000000E+00
           2   1516446.      0.0000000E+00  0.0000000E+00
           3   1135173.      0.0000000E+00  0.0000000E+00
           4   3661098.      0.0000000E+00  0.0000000E+00
           5   5024763.      0.0000000E+00  0.0000000E+00
           1   3795607.      0.0000000E+00  0.0000000E+00
           2   1503222.      0.0000000E+00  0.0000000E+00
           3   1133176.      0.0000000E+00  0.0000000E+00
           4   3719901.      0.0000000E+00  0.0000000E+00
           5   5092368.      0.0000000E+00  0.0000000E+00
           1   3706397.      0.0000000E+00  0.0000000E+00
           2   1476874.      0.0000000E+00  0.0000000E+00
           3   1122867.      0.0000000E+00  0.0000000E+00
           4   3752865.      0.0000000E+00  0.0000000E+00
           5   5130408.      0.0000000E+00  0.0000000E+00
           1   3591150.      0.0000000E+00  0.0000000E+00
           2   1442067.      0.0000000E+00  0.0000000E+00
           3   1106379.      0.0000000E+00  0.0000000E+00
           4   3763519.      0.0000000E+00  0.0000000E+00
           5   5138106.      0.0000000E+00  0.0000000E+00
           1   3458791.      0.0000000E+00  0.0000000E+00
           2   1401999.      0.0000000E+00  0.0000000E+00
           3   1085596.      0.0000000E+00  0.0000000E+00
           4   3756430.      0.0000000E+00  0.0000000E+00
           5   5122486.      0.0000000E+00  0.0000000E+00
           1   3321799.      0.0000000E+00  0.0000000E+00
           2   1359406.      0.0000000E+00  0.0000000E+00
           3   1062050.      0.0000000E+00  0.0000000E+00
           4   3756839.      0.0000000E+00  0.0000000E+00
           5   5088934.      0.0000000E+00  0.0000000E+00
           1   3178913.      0.0000000E+00  0.0000000E+00
           2   1316112.      0.0000000E+00  0.0000000E+00
           3   1037190.      0.0000000E+00  0.0000000E+00
           4   3738979.      0.0000000E+00  0.0000000E+00
           5   5044532.      0.0000000E+00  0.0000000E+00
           1   3036614.      0.0000000E+00  0.0000000E+00
           2   1274598.      0.0000000E+00  0.0000000E+00
           3   1019480.      0.0000000E+00  0.0000000E+00
           4   3708656.      0.0000000E+00  0.0000000E+00
           5   5140344.      0.0000000E+00  0.0000000E+00
           1   2898113.      0.0000000E+00  0.0000000E+00
           2   1234130.      0.0000000E+00  0.0000000E+00
           3   1000025.      0.0000000E+00  0.0000000E+00
           4   3669068.      0.0000000E+00  0.0000000E+00
           5   5180300.      0.0000000E+00  0.0000000E+00
           1   2767305.      0.0000000E+00  0.0000000E+00
           2   1194813.      0.0000000E+00  0.0000000E+00
           3   978598.6      0.0000000E+00  0.0000000E+00
           4   3622932.      0.0000000E+00  0.0000000E+00
           5   5176876.      0.0000000E+00  0.0000000E+00
           1   2644070.      0.0000000E+00  0.0000000E+00
           2   1156553.      0.0000000E+00  0.0000000E+00
           3   955970.1      0.0000000E+00  0.0000000E+00
           4   3571553.      0.0000000E+00  0.0000000E+00
           5   5145362.      0.0000000E+00  0.0000000E+00
           1   2530540.      0.0000000E+00  0.0000000E+00
           2   1119644.      0.0000000E+00  0.0000000E+00
           3   932838.1      0.0000000E+00  0.0000000E+00
           4   3516249.      0.0000000E+00  0.0000000E+00
           5   5095272.      0.0000000E+00  0.0000000E+00
           1   2425440.      0.0000000E+00  0.0000000E+00
           2   1083949.      0.0000000E+00  0.0000000E+00
           3   909516.5      0.0000000E+00  0.0000000E+00
           4   3457592.      0.0000000E+00  0.0000000E+00
           5   5031990.      0.0000000E+00  0.0000000E+00
           1   2330226.      0.0000000E+00  0.0000000E+00
           2   1049857.      0.0000000E+00  0.0000000E+00
           3   886431.2      0.0000000E+00  0.0000000E+00
           4   3396686.      0.0000000E+00  0.0000000E+00
           5   4960126.      0.0000000E+00  0.0000000E+00
           1   2241711.      0.0000000E+00  0.0000000E+00
           2   1017124.      0.0000000E+00  0.0000000E+00
           3   863634.1      0.0000000E+00  0.0000000E+00
           4   3333759.      0.0000000E+00  0.0000000E+00
           5   4881848.      0.0000000E+00  0.0000000E+00
           1   2160903.      0.0000000E+00  0.0000000E+00
           2   985973.5      0.0000000E+00  0.0000000E+00
           3   841351.6      0.0000000E+00  0.0000000E+00
           4   3269590.      0.0000000E+00  0.0000000E+00
           5   4799530.      0.0000000E+00  0.0000000E+00
           1   2086931.      0.0000000E+00  0.0000000E+00
           2   956435.4      0.0000000E+00  0.0000000E+00
           3   819713.8      0.0000000E+00  0.0000000E+00
           4   3204720.      0.0000000E+00  0.0000000E+00
           5   4714838.      0.0000000E+00  0.0000000E+00
           1   2016700.      0.0000000E+00  0.0000000E+00
           2   928319.9      0.0000000E+00  0.0000000E+00
           3   799322.6      0.0000000E+00  0.0000000E+00
           4   3139227.      0.0000000E+00  0.0000000E+00
           5   4638782.      0.0000000E+00  0.0000000E+00
           1   1957792.      0.0000000E+00  0.0000000E+00
           2   912068.7      0.0000000E+00  0.0000000E+00
           3   794875.5      0.0000000E+00  0.0000000E+00
           4   3089494.      0.0000000E+00  0.0000000E+00
           5   4645444.      0.0000000E+00  0.0000000E+00
           1   2368488.      0.0000000E+00  0.0000000E+00
           2   1039267.      0.0000000E+00  0.0000000E+00
           3   923407.2      0.0000000E+00  0.0000000E+00
           4   3344542.      0.0000000E+00  0.0000000E+00
           5   5180956.      0.0000000E+00  0.0000000E+00
           1   2550335.      0.0000000E+00  0.0000000E+00
           2   1122448.      0.0000000E+00  0.0000000E+00
           3   998893.2      0.0000000E+00  0.0000000E+00
           4   3536517.      0.0000000E+00  0.0000000E+00
           5   5542348.      0.0000000E+00  0.0000000E+00
           1   2678636.      0.0000000E+00  0.0000000E+00
           2   1182383.      0.0000000E+00  0.0000000E+00
           3   1045794.      0.0000000E+00  0.0000000E+00
           4   3683150.      0.0000000E+00  0.0000000E+00
           5   5799600.      0.0000000E+00  0.0000000E+00
