 Monthly Averaged GW/SW Rates for MODFLOW
 
 month:           1 year:        2005
 Layer, Row, Column, Rate
           1          25          17   2.651574    
           1          25          18   29.85158    
           1          26          18   28.48301    
           1          26          19   22.75219    
           1          27          19   49.69561    
           1          27          20   5.645300    
           1          28          20   38.06289    
           1          28          21   32.07548    
           1          29          21   18.73210    
           1          29          22   43.10945    
           1          30          22   39.77357    
           1          31          22   4.447810    
           1          31          23   35.24024    
           1          32          22   3.934581    
           1          32          23   33.61508    
           1          33          22   35.41131    
           1          34          22   12.14590    
           1          34          23   34.47042    
           1          35          23   16.25155    
           1          35          24   39.51698    
           1          36          23   22.75219    
           1          36          24   41.14213    
           1          36          25   35.32580    
           1          36          26   39.94464    
           1          36          27   9.836475    
           1          37          27   41.31321    
           1          37          56  -60.24456    
           1          37          57  -339.6693    
           1          38          27   39.34590    
           1          38          55  -864.4636    
           1          38          56  -711.5563    
           1          39          27   38.49056    
           1          39          55  -995.8126    
           1          40          25   25.40376    
           1          40          26   38.83271    
           1          40          27   2.651574    
           1          40          55  -954.8835    
           1          41          25   20.95596    
           1          41          26   41.14213    
           1          41          27   25.06162    
           1          41          33  -103.6407    
           1          41          53  -1137.450    
           1          41          54  -978.6619    
           1          41          55  -81.03951    
           1          42          27   39.51698    
           1          42          33  -220.0293    
           1          42          34  -23.46020    
           1          42          52  -1090.630    
           1          42          53  -120.1200    
           1          43          27   10.86289    
           1          43          28   35.32580    
           1          43          34  -253.9047    
           1          43          52  -607.0952    
           1          44          28   18.90313    
           1          44          29   39.85913    
           1          44          30   21.04152    
           1          44          34  -8.737521    
           1          44          35  -175.3560    
           1          44          52  -364.4568    
           1          44          53  -441.4243    
           1          45          30   44.39245    
           1          45          35  -209.4723    
           1          45          53  -565.1698    
           1          46          30   36.35221    
           1          46          35  -154.8618    
           1          46          51  -483.1302    
           1          46          52  -459.3925    
           1          46          53  -43.35881    
           1          47          30   33.18741    
           1          47          31   35.32580    
           1          47          32   40.54338    
           1          47          35  -131.7193    
           1          47          50  -478.5520    
           1          47          51  -110.8259    
           1          48          32   10.60630    
           1          48          33   29.16731    
           1          48          35   19.95952    
           1          48          36   13.67166    
           1          48          49  -180.7892    
           1          48          50  -214.0375    
           1          49          33   46.35977    
           1          49          34   7.355731    
           1          49          35   26.68588    
           1          49          36   98.12037    
           1          49          37   33.57407    
           1          49          38  -10.74092    
           1          49          41  -23.78000    
           1          49          42   18.31366    
           1          49          49  -304.0844    
           1          50          34   44.56155    
           1          50          35   15.31070    
           1          50          36   13.42850    
           1          50          37   38.48927    
           1          50          38   144.4747    
           1          50          39  -41.47880    
           1          50          40  -67.74973    
           1          50          41  -27.75428    
           1          50          42  -40.40081    
           1          50          43   7.809991    
           1          50          49  -126.6739    
           1          51          43  -105.7205    
           1          51          48  -36.04536    
           1          51          49  -112.2980    
           1          52          43  -179.2325    
           1          52          48  -39.16370    
           1          52          49  -2540.216    
           1          52          50  -620.1030    
           1          53          43  -31.55188    
           1          53          44  -17.19418    
           1          53          47  -65.99480    
           1          53          48  -308.5275    
           1          53          50  -875.8603    
           1          53          51  -765.2268    
           1          54          44   55.88179    
           1          54          45   55.61247    
           1          54          46   69.48193    
           1          54          47  -40.95271    
           1          54          51  -685.1088    
           1          54          52  -1042.148    
           1          55          52  -1368.978    
           1          56          52  -54.06792    
           1          56          53  -1463.662    
           1          56          54  -751.1320    
           1          57          53  -124.2796    
           1          57          54   114.3198    
           1          58          53  -1165.473    
           1          59          53  -700.4702    
           1          60          53  -707.6599    
           1          61          53  -129.6124    
           1          61          54  -1779.603    
           1          61          55  -1142.101    
           1          61          56  -109.5900    
           1          62          56  -2036.243    
           1          63          56  -1690.579    
           1          63          57  -499.3063    
           1          64          56  -1296.573    
           1          64          57  -102.8739    
           1          65          56  -1222.053    
           1          66          56  -1034.188    
           1          67          56  -979.2152    
           1          68          56  -78.65108    
           1          68          57  -50.31659    
           1          69          57  -86.69756    
           1          70          57   20.25626    
           1          70          58   108.4991    
           1          71          58   102.2126    
           1          72          58   110.1288    
           1          73          54  -31.05307    
           1          73          55  -145.5889    
           1          73          56   102.2126    
           1          73          57   105.4722    
           1          73          58   53.78386    
           1          74          54   109.1975    
           1          75          54   8.976624    
           1          75          55   76.83408    
           1          76          54   90.57109    
           1          76          55   62.86427    
           1          77          53   38.36259    
           1          77          54   26.54270    
           1          78          53   65.42537    
           1          78          54   104.7737    
           1          78          55   83.81900    
           1          79          55   46.10044    
           1          79          56   69.15066    
           1          80          56   106.1707    
           1          81          56   110.5945    
           1          82          56   95.69336    
           1          83          56   113.6213    
           1          84          53   4.423798    
           1          84          54   16.53097    
           1          84          55   95.69336    
           1          84          56   38.18421    
           1          85          53   103.1439    
           1          85          54   130.6180    
           1          85          55   47.49743    
           1          86          53   105.2394    
           1          86          54   13.03850    
           1          87          54   137.3701    
           1          87          55   13.03850    
           1          88          55   103.6096    
           1          88          56   99.18583    
           1          88          57   173.2259    
           1          89          57   120.8391    
           1          90          56   63.56273    
           1          90          57   54.24953    
           1          91          54   87.54427    
           1          91          55   115.0183    
           1          91          56   95.22771    
           1          92          54   106.6364    
           1          93          54   41.67669    
           1          93          55   117.8123    
           1          93          56   125.2628    
           1          93          57   108.4991    
           1          94          57   45.63478    
           1          94          58   72.41029    
           1          95          56   43.30648    
           1          95          57   108.9647    
           1          96          56   45.40197    
           1          96          57   144.3550    
           1          97          54   98.72018    
           1          97          55   111.7587    
           1          97          57   17.92795    
           1          97          58   81.25787    
           1          98          54   106.1707    
           1          98          55   77.99821    
           1          98          56   141.0953    
           1          98          57   128.5225    
           1          98          58   22.81742    
           1          99          54   76.83408    
           1          99          55   36.78723    
           1         100          54   12.57283    
           1         100          55   148.3130    
           1         101          55   56.81064    
           1         101          56   109.8960    
           1         101          57   59.37179    
           1         102          57   55.18084    
           1         102          58   100.5828    
           1         103          58   113.6213    
           1         103          59   8.381890    
           1         104          58   78.92952    
 
 month:           2 year:        2005
 Layer, Row, Column, Rate
           1          25          17  -3217.545    
           1          25          18  -39535.14    
           1          26          18  -34198.50    
           1          26          19  -29255.51    
           1          27          19  -55638.07    
           1          27          20  -7235.447    
           1          28          20  -41704.87    
           1          28          21  -39213.66    
           1          29          21  -19741.78    
           1          29          22  -49362.27    
           1          30          22  -43754.73    
           1          31          22  -4501.321    
           1          31          23  -36795.02    
           1          32          22  -4116.175    
           1          32          23  -36433.57    
           1          33          22  -32419.04    
           1          34          22  -11307.74    
           1          34          23  -36227.77    
           1          35          23  -15339.87    
           1          35          24  -38763.96    
           1          36          23  -16262.99    
           1          36          24  -38074.91    
           1          36          25  -38149.34    
           1          36          26  -48475.84    
           1          36          27  -13588.26    
           1          37          27  -52357.19    
           1          37          56  -8448.938    
           1          37          57  -70977.16    
           1          38          27  -44921.91    
           1          38          55  -128547.4    
           1          38          56  -123499.5    
           1          39          27  -39576.14    
           1          39          55  -112619.0    
           1          40          25  -20398.19    
           1          40          26  -36304.37    
           1          40          27  -2318.094    
           1          40          55  -113655.1    
           1          41          25  -14284.03    
           1          41          26  -36286.20    
           1          41          27  -23340.60    
           1          41          33  -33260.16    
           1          41          53  -105316.6    
           1          41          54  -109091.3    
           1          41          55  -23689.55    
           1          42          27  -34467.64    
           1          42          33  -46102.60    
           1          42          34  -25165.80    
           1          42          52  -93163.35    
           1          42          53  -11972.76    
           1          43          27  -8158.095    
           1          43          28  -31395.59    
           1          43          34  -58739.67    
           1          43          52  -82906.93    
           1          44          28  -13948.80    
           1          44          29  -34943.05    
           1          44          30  -18887.70    
           1          44          34  -17826.34    
           1          44          35  -46100.75    
           1          44          52  -43426.21    
           1          44          53  -47063.60    
           1          45          30  -38094.82    
           1          45          35  -45436.48    
           1          45          53  -75757.92    
           1          46          30  -27866.38    
           1          46          35  -45603.48    
           1          46          51  -53021.39    
           1          46          52  -79851.93    
           1          46          53  -12117.15    
           1          47          30  -22513.20    
           1          47          31  -24994.77    
           1          47          32  -28511.99    
           1          47          35  -33509.46    
           1          47          50  -55996.15    
           1          47          51  -23671.89    
           1          48          32  -7228.194    
           1          48          33  -16475.19    
           1          48          35  -17918.48    
           1          48          36  -14604.33    
           1          48          49  -16923.80    
           1          48          50  -49955.20    
           1          49          33  -29327.92    
           1          49          34  -4976.681    
           1          49          35  -18153.60    
           1          49          36  -78116.64    
           1          49          37  -26723.97    
           1          49          38  -5021.651    
           1          49          41  -12627.84    
           1          49          42  -14132.86    
           1          49          49  -58212.29    
           1          50          34  -23535.53    
           1          50          35  -7783.412    
           1          50          36  -7350.714    
           1          50          37  -23980.48    
           1          50          38  -114612.9    
           1          50          39  -46549.91    
           1          50          40  -53421.98    
           1          50          41  -44622.68    
           1          50          42  -58690.16    
           1          50          43  -6683.145    
           1          50          49  -44206.80    
           1          51          43  -50427.24    
           1          51          48  -11643.65    
           1          51          49  -25303.34    
           1          52          43  -53589.95    
           1          52          48  -5133.548    
           1          52          49  -184993.7    
           1          52          50  -34218.55    
           1          53          43  -45177.17    
           1          53          44  -7331.089    
           1          53          47  -14096.26    
           1          53          48  -43146.12    
           1          53          50  -50092.00    
           1          53          51  -46732.19    
           1          54          44  -30832.50    
           1          54          45  -31336.74    
           1          54          46  -35530.84    
           1          54          47  -30124.88    
           1          54          51  -33079.46    
           1          54          52  -54164.86    
           1          55          52  -67137.29    
           1          56          52  -9833.760    
           1          56          53  -60368.50    
           1          56          54  -71729.32    
           1          57          53  -5175.433    
           1          57          54  -47884.00    
           1          58          53  -58444.26    
           1          59          53  -46994.04    
           1          60          53  -49440.79    
           1          61          53  -6035.885    
           1          61          54  -63132.73    
           1          61          55  -53508.10    
           1          61          56  -13742.33    
           1          62          56  -70548.02    
           1          63          56  -43318.98    
           1          63          57  -24050.10    
           1          64          56  -55670.55    
           1          64          57  -7841.007    
           1          65          56  -45474.28    
           1          66          56  -44340.62    
           1          67          56  -40929.16    
           1          68          56  -30190.70    
           1          68          57  -6949.810    
           1          69          57  -38696.12    
           1          70          57  -5088.073    
           1          70          58  -24118.05    
           1          71          58  -21578.16    
           1          72          58  -19015.65    
           1          73          54  -35346.11    
           1          73          55  -30777.25    
           1          73          56  -22077.66    
           1          73          57  -18509.80    
           1          73          58  -11240.20    
           1          74          54  -26486.05    
           1          75          54  -8965.026    
           1          75          55  -16990.19    
           1          76          54  -22006.64    
           1          76          55  -11784.62    
           1          77          53  -41417.02    
           1          77          54  -6882.101    
           1          78          53  -14888.06    
           1          78          54  -23170.99    
           1          78          55  -17823.27    
           1          79          55  -11181.60    
           1          79          56  -14773.58    
           1          80          56  -22248.01    
           1          81          56  -24021.38    
           1          82          56  -20623.36    
           1          83          56  -21143.01    
           1          84          53  -1284.639    
           1          84          54  -4012.678    
           1          84          55  -19539.06    
           1          84          56  -5282.782    
           1          85          53  -25460.65    
           1          85          54  -27371.47    
           1          85          55  -5455.665    
           1          86          53  -17155.63    
           1          86          54  -2304.827    
           1          87          54  -19038.38    
           1          87          55  -1635.223    
           1          88          55  -13209.05    
           1          88          56  -9622.549    
           1          88          57  -17030.81    
           1          89          57  -9404.428    
           1          90          56  -6470.657    
           1          90          57   168.2188    
           1          91          54  -9691.734    
           1          91          55  -8932.001    
           1          91          56  -7395.042    
           1          92          54  -5897.125    
           1          93          54  -1781.275    
           1          93          55  -6724.776    
           1          93          56  -8637.552    
           1          93          57  -6999.847    
           1          94          57  -3733.220    
           1          94          58   1137.587    
           1          95          56  -2700.953    
           1          95          57  -1471.474    
           1          96          56  -2352.586    
           1          96          57  -1664.003    
           1          97          54  -1448.043    
           1          97          55  -3895.285    
           1          97          57  -710.9562    
           1          97          58   753.1274    
           1          98          54  -3040.122    
           1          98          55  -3474.983    
           1          98          56  -3744.191    
           1          98          57   282.8494    
           1          98          58   41.07487    
           1          99          54  -4251.767    
           1          99          55  -3314.840    
           1         100          54  -177.1889    
           1         100          55  -10937.16    
           1         101          55   892.5120    
           1         101          56  -1447.178    
           1         101          57  -3736.030    
           1         102          57  -1970.002    
           1         102          58  -8514.061    
           1         103          58  -1291.681    
           1         103          59  -177.1348    
           1         104          58  -5508.743    
 
 month:           3 year:        2005
 Layer, Row, Column, Rate
           1          25          17  -16309.78    
           1          25          18  -178350.3    
           1          26          18  -157058.4    
           1          26          19  -125140.8    
           1          27          19  -247405.7    
           1          27          20  -29546.00    
           1          28          20  -179167.4    
           1          28          21  -155647.5    
           1          29          21  -83762.58    
           1          29          22  -196133.0    
           1          30          22  -171217.5    
           1          31          22  -18282.64    
           1          31          23  -145352.0    
           1          32          22  -15738.67    
           1          32          23  -133728.3    
           1          33          22  -128672.1    
           1          34          22  -42885.05    
           1          34          23  -122595.9    
           1          35          23  -52972.71    
           1          35          24  -128726.9    
           1          36          23  -63936.70    
           1          36          24  -123024.0    
           1          36          25  -113638.7    
           1          36          26  -138093.0    
           1          36          27  -37690.00    
           1          37          27  -140853.3    
           1          37          56  -20145.74    
           1          37          57  -173776.9    
           1          38          27  -120663.2    
           1          38          55  -302785.1    
           1          38          56  -296340.1    
           1          39          27  -106588.7    
           1          39          55  -260911.9    
           1          40          25  -59279.68    
           1          40          26  -94786.08    
           1          40          27  -6544.402    
           1          40          55  -263040.7    
           1          41          25  -42563.59    
           1          41          26  -91988.41    
           1          41          27  -59077.01    
           1          41          33  -69534.53    
           1          41          53  -231087.5    
           1          41          54  -246459.6    
           1          41          55  -56659.04    
           1          42          27  -85589.09    
           1          42          33  -93434.80    
           1          42          34  -52625.85    
           1          42          52  -197468.1    
           1          42          53  -26145.55    
           1          43          27  -21358.42    
           1          43          28  -75094.55    
           1          43          34  -116569.6    
           1          43          52  -178543.7    
           1          44          28  -35412.23    
           1          44          29  -80479.82    
           1          44          30  -44073.30    
           1          44          34  -36243.42    
           1          44          35  -89694.89    
           1          44          52  -91919.97    
           1          44          53  -101220.0    
           1          45          30  -84296.38    
           1          45          35  -86351.03    
           1          45          53  -163222.4    
           1          46          30  -62467.54    
           1          46          35  -85799.99    
           1          46          51  -107388.9    
           1          46          52  -168803.2    
           1          46          53  -26640.12    
           1          47          30  -52230.30    
           1          47          31  -55797.18    
           1          47          32  -63582.54    
           1          47          35  -61534.84    
           1          47          50  -110448.9    
           1          47          51  -49063.51    
           1          48          32  -16008.52    
           1          48          33  -39168.41    
           1          48          35  -34024.04    
           1          48          36  -27351.73    
           1          48          49  -31964.74    
           1          48          50  -100618.0    
           1          49          33  -62948.32    
           1          49          34  -10183.66    
           1          49          35  -35592.61    
           1          49          36  -147830.2    
           1          49          37  -48772.41    
           1          49          38  -8740.923    
           1          49          41  -22075.52    
           1          49          42  -30349.99    
           1          49          49  -112402.7    
           1          50          34  -53379.70    
           1          50          35  -17563.82    
           1          50          36  -15386.37    
           1          50          37  -45471.52    
           1          50          38  -207101.8    
           1          50          39  -80132.30    
           1          50          40  -91283.18    
           1          50          41  -77003.44    
           1          50          42  -101927.1    
           1          50          43  -12595.85    
           1          50          49  -85847.20    
           1          51          43  -84857.09    
           1          51          48  -21492.35    
           1          51          49  -47926.85    
           1          52          43  -86856.02    
           1          52          48  -8924.071    
           1          52          49  -325748.1    
           1          52          50  -62182.98    
           1          53          43  -73619.05    
           1          53          44  -11876.04    
           1          53          47  -23734.56    
           1          53          48  -73477.85    
           1          53          50  -89148.23    
           1          53          51  -87385.59    
           1          54          44  -53949.39    
           1          54          45  -53599.34    
           1          54          46  -62460.84    
           1          54          47  -51049.06    
           1          54          51  -59290.75    
           1          54          52  -102041.7    
           1          55          52  -122634.8    
           1          56          52  -18812.43    
           1          56          53  -110143.5    
           1          56          54  -144396.9    
           1          57          53  -9208.247    
           1          57          54  -108446.5    
           1          58          53  -104113.7    
           1          59          53  -84573.21    
           1          60          53  -87987.70    
           1          61          53  -10194.88    
           1          61          54  -107383.1    
           1          61          55  -97138.89    
           1          61          56  -27835.50    
           1          62          56  -125748.9    
           1          63          56  -73014.73    
           1          63          57  -44684.91    
           1          64          56  -96972.24    
           1          64          57  -14784.61    
           1          65          56  -76168.84    
           1          66          56  -73233.95    
           1          67          56  -65312.22    
           1          68          56  -51902.34    
           1          68          57  -11783.84    
           1          69          57  -64455.68    
           1          70          57  -9135.349    
           1          70          58  -45269.82    
           1          71          58  -39014.72    
           1          72          58  -36980.14    
           1          73          54  -57346.04    
           1          73          55  -46838.13    
           1          73          56  -36642.12    
           1          73          57  -34429.59    
           1          73          58  -21270.57    
           1          74          54  -44811.56    
           1          75          54  -14372.75    
           1          75          55  -28683.27    
           1          76          54  -36403.72    
           1          76          55  -21571.07    
           1          77          53  -67730.90    
           1          77          54  -11188.65    
           1          78          53  -28909.14    
           1          78          54  -39750.65    
           1          78          55  -30875.77    
           1          79          55  -19203.54    
           1          79          56  -27088.51    
           1          80          56  -40113.00    
           1          81          56  -42391.24    
           1          82          56  -36489.78    
           1          83          56  -39114.54    
           1          84          53  -2436.849    
           1          84          54  -7158.317    
           1          84          55  -33815.20    
           1          84          56  -11512.84    
           1          85          53  -45708.01    
           1          85          54  -45723.65    
           1          85          55  -12039.06    
           1          86          53  -37021.87    
           1          86          54  -4297.435    
           1          87          54  -38196.32    
           1          87          55  -3382.844    
           1          88          55  -25445.80    
           1          88          56  -19588.14    
           1          88          57  -34723.91    
           1          89          57  -20748.39    
           1          90          56  -12698.87    
           1          90          57  -3899.439    
           1          91          54  -21942.86    
           1          91          55  -19745.23    
           1          91          56  -15435.07    
           1          92          54  -18744.72    
           1          93          54  -7150.002    
           1          93          55  -16970.22    
           1          93          56  -17884.53    
           1          93          57  -15259.31    
           1          94          57  -7462.231    
           1          94          58   1107.879    
           1          95          56  -6208.540    
           1          95          57  -7414.944    
           1          96          56  -5664.762    
           1          96          57  -8843.425    
           1          97          54  -9706.111    
           1          97          55  -11574.73    
           1          97          57  -1888.760    
           1          97          58  -3400.433    
           1          98          54  -11891.96    
           1          98          55  -8881.561    
           1          98          56  -11636.18    
           1          98          57  -6144.655    
           1          98          58  -1499.171    
           1          99          54  -12019.04    
           1          99          55  -6616.705    
           1         100          54  -1424.770    
           1         100          55  -23661.22    
           1         101          55   1482.074    
           1         101          56  -7998.478    
           1         101          57  -8276.835    
           1         102          57  -5423.769    
           1         102          58  -15991.66    
           1         103          58  -6492.406    
           1         103          59  -657.8325    
           1         104          58  -10591.58    
 
 month:           4 year:        2005
 Layer, Row, Column, Rate
           1          25          17  -15449.55    
           1          25          18  -167841.6    
           1          26          18  -146883.6    
           1          26          19  -116132.8    
           1          27          19  -227699.5    
           1          27          20  -26986.25    
           1          28          20  -161775.8    
           1          28          21  -139599.4    
           1          29          21  -74188.12    
           1          29          22  -172239.5    
           1          30          22  -148956.4    
           1          31          22  -15715.57    
           1          31          23  -123279.5    
           1          32          22  -13436.43    
           1          32          23  -112674.6    
           1          33          22  -108294.5    
           1          34          22  -35768.36    
           1          34          23  -101543.9    
           1          35          23  -43083.25    
           1          35          24  -103289.2    
           1          36          23  -50134.80    
           1          36          24  -97327.37    
           1          36          25  -89718.33    
           1          36          26  -108322.3    
           1          36          27  -29301.01    
           1          37          27  -108746.7    
           1          37          56  -14721.05    
           1          37          57  -127320.8    
           1          38          27  -91762.04    
           1          38          55  -218842.7    
           1          38          56  -215622.5    
           1          39          27  -79484.37    
           1          39          55  -188615.9    
           1          40          25  -44210.06    
           1          40          26  -71200.38    
           1          40          27  -4710.906    
           1          40          55  -189016.6    
           1          41          25  -30716.58    
           1          41          26  -68263.31    
           1          41          27  -42977.35    
           1          41          33  -49423.65    
           1          41          53  -163746.3    
           1          41          54  -174997.7    
           1          41          55  -40009.96    
           1          42          27  -61644.44    
           1          42          33  -65604.77    
           1          42          34  -36380.17    
           1          42          52  -138486.7    
           1          42          53  -18470.00    
           1          43          27  -14857.27    
           1          43          28  -53015.56    
           1          43          34  -80432.24    
           1          43          52  -123623.3    
           1          44          28  -24197.00    
           1          44          29  -55769.43    
           1          44          30  -29373.47    
           1          44          34  -23955.81    
           1          44          35  -60705.96    
           1          44          52  -63865.46    
           1          44          53  -71461.93    
           1          45          30  -57073.98    
           1          45          35  -57629.50    
           1          45          53  -114767.4    
           1          46          30  -41990.46    
           1          46          35  -56258.64    
           1          46          51  -73956.73    
           1          46          52  -116821.8    
           1          46          53  -18516.30    
           1          47          30  -34721.04    
           1          47          31  -36416.90    
           1          47          32  -39707.95    
           1          47          35  -40300.70    
           1          47          50  -75112.62    
           1          47          51  -33329.84    
           1          48          32  -10256.48    
           1          48          33  -22914.84    
           1          48          35  -21880.16    
           1          48          36  -17508.32    
           1          48          49  -21675.71    
           1          48          50  -67550.80    
           1          49          33  -40628.36    
           1          49          34  -6568.358    
           1          49          35  -22978.77    
           1          49          36  -95006.08    
           1          49          37  -31235.81    
           1          49          38  -5656.526    
           1          49          41  -13680.08    
           1          49          42  -15982.99    
           1          49          49  -74852.78    
           1          50          34  -33430.92    
           1          50          35  -10690.90    
           1          50          36  -9457.825    
           1          50          37  -28616.74    
           1          50          38  -129489.4    
           1          50          39  -50510.37    
           1          50          40  -56546.36    
           1          50          41  -46761.42    
           1          50          42  -61787.82    
           1          50          43  -7235.160    
           1          50          49  -56141.54    
           1          51          43  -51795.37    
           1          51          48  -13727.55    
           1          51          49  -31052.92    
           1          52          43  -52481.59    
           1          52          48  -5628.630    
           1          52          49  -210758.4    
           1          52          50  -40896.42    
           1          53          43  -41854.27    
           1          53          44  -6926.390    
           1          53          47  -14044.00    
           1          53          48  -43458.47    
           1          53          50  -55500.12    
           1          53          51  -55428.88    
           1          54          44  -26847.32    
           1          54          45  -27983.09    
           1          54          46  -31867.36    
           1          54          47  -27008.13    
           1          54          51  -35672.16    
           1          54          52  -63477.36    
           1          55          52  -71956.52    
           1          56          52  -9436.452    
           1          56          53  -64047.11    
           1          56          54  -83754.62    
           1          57          53  -5007.151    
           1          57          54  -52116.73    
           1          58          53  -52809.49    
           1          59          53  -39033.62    
           1          60          53  -36897.77    
           1          61          53  -4191.729    
           1          61          54  -49716.73    
           1          61          55  -46831.23    
           1          61          56  -13232.79    
           1          62          56  -64837.42    
           1          63          56  -37580.11    
           1          63          57  -22815.98    
           1          64          56  -43799.81    
           1          64          57  -6935.819    
           1          65          56  -33665.86    
           1          66          56  -30162.11    
           1          67          56  -26364.78    
           1          68          56  -15059.43    
           1          68          57  -4756.750    
           1          69          57  -24424.67    
           1          70          57  -2515.881    
           1          70          58  -15236.83    
           1          71          58  -13044.56    
           1          72          58  -8879.177    
           1          73          54  -14783.65    
           1          73          55  -16126.13    
           1          73          56  -9620.131    
           1          73          57  -6434.492    
           1          73          58  -4876.896    
           1          74          54  -9196.995    
           1          75          54  -3804.368    
           1          75          55  -5247.788    
           1          76          54  -8164.536    
           1          76          55  -1720.292    
           1          77          53  -17307.05    
           1          77          54  -2809.242    
           1          78          53  -2215.251    
           1          78          54  -7873.177    
           1          78          55  -5371.128    
           1          79          55  -3932.851    
           1          79          56  -3710.690    
           1          80          56  -7430.859    
           1          81          56  -9677.740    
           1          82          56  -8550.343    
           1          83          56  -7572.402    
           1          84          53  -326.0604    
           1          84          54  -1444.015    
           1          84          55  -8713.127    
           1          84          56  -487.3727    
           1          85          53  -9767.781    
           1          85          54  -13611.88    
           1          85          55  -375.2652    
           1          86          53  -1995.841    
           1          86          54  -867.3750    
           1          87          54  -4798.915    
           1          87          55  -371.1325    
           1          88          55  -4265.125    
           1          88          56  -2777.898    
           1          88          57  -5663.105    
           1          89          57  -2102.827    
           1          90          56  -2671.906    
           1          90          57   1095.393    
           1          91          54  -3907.795    
           1          91          55  -3678.281    
           1          91          56  -3652.876    
           1          92          54  -1107.969    
           1          93          54  -287.9095    
           1          93          55  -4863.032    
           1          93          56  -7090.583    
           1          93          57  -4899.096    
           1          94          57  -3394.869    
           1          94          58   1462.091    
           1          95          56  -2618.545    
           1          95          57   822.3080    
           1          96          56  -2259.022    
           1          96          57   1397.495    
           1          97          54  -1617.586    
           1          97          55  -4045.071    
           1          97          57  -281.8734    
           1          97          58   1640.740    
           1          98          54  -4130.905    
           1          98          55  -3731.202    
           1          98          56  -1331.685    
           1          98          57   2595.095    
           1          98          58   460.7238    
           1          99          54  -5890.745    
           1          99          55  -3676.231    
           1         100          54  -294.0400    
           1         100          55  -12483.61    
           1         101          55   1147.107    
           1         101          56   166.9819    
           1         101          57  -2805.437    
           1         102          57  -1363.099    
           1         102          58  -7741.384    
           1         103          58   763.0878    
           1         103          59   35.14612    
           1         104          58  -5783.996    
 
 month:           5 year:        2005
 Layer, Row, Column, Rate
           1          25          17  -14316.67    
           1          25          18  -155983.9    
           1          26          18  -136609.9    
           1          26          19  -108194.0    
           1          27          19  -212339.0    
           1          27          20  -25228.56    
           1          28          20  -151715.3    
           1          28          21  -131130.1    
           1          29          21  -69874.60    
           1          29          22  -162579.2    
           1          30          22  -141297.5    
           1          31          22  -14946.91    
           1          31          23  -117481.9    
           1          32          22  -12859.97    
           1          32          23  -108133.6    
           1          33          22  -103987.1    
           1          34          22  -34538.24    
           1          34          23  -98510.57    
           1          35          23  -42003.10    
           1          35          24  -101015.5    
           1          36          23  -48996.43    
           1          36          24  -95665.70    
           1          36          25  -88314.73    
           1          36          26  -106643.1    
           1          36          27  -28842.72    
           1          37          27  -107417.2    
           1          37          56  -13556.00    
           1          37          57  -116082.9    
           1          38          27  -91147.40    
           1          38          55  -203026.1    
           1          38          56  -197892.9    
           1          39          27  -79610.09    
           1          39          55  -174855.3    
           1          40          25  -44101.33    
           1          40          26  -71442.06    
           1          40          27  -4770.891    
           1          40          55  -174981.8    
           1          41          25  -30862.77    
           1          41          26  -68939.41    
           1          41          27  -43805.55    
           1          41          33  -50741.43    
           1          41          53  -154705.4    
           1          41          54  -163595.9    
           1          41          55  -36897.56    
           1          42          27  -63119.20    
           1          42          33  -68346.55    
           1          42          34  -37707.68    
           1          42          52  -132232.2    
           1          42          53  -17382.58    
           1          43          27  -15331.56    
           1          43          28  -54977.29    
           1          43          34  -84329.50    
           1          43          52  -117487.9    
           1          44          28  -25252.07    
           1          44          29  -58636.92    
           1          44          30  -31526.78    
           1          44          34  -25711.77    
           1          44          35  -64049.13    
           1          44          52  -60383.80    
           1          44          53  -66486.43    
           1          45          30  -61160.25    
           1          45          35  -61683.91    
           1          45          53  -106005.2    
           1          46          30  -45073.81    
           1          46          35  -60994.57    
           1          46          51  -70276.98    
           1          46          52  -108826.8    
           1          46          53  -16937.92    
           1          47          30  -37266.70    
           1          47          31  -39696.13    
           1          47          32  -44355.39    
           1          47          35  -43949.05    
           1          47          50  -72169.17    
           1          47          51  -31422.71    
           1          48          32  -11260.65    
           1          48          33  -26092.82    
           1          48          35  -23885.20    
           1          48          36  -18943.03    
           1          48          49  -21074.83    
           1          48          50  -64360.09    
           1          49          33  -44192.02    
           1          49          34  -7133.530    
           1          49          35  -24801.96    
           1          49          36  -101961.0    
           1          49          37  -33401.96    
           1          49          38  -6015.928    
           1          49          41  -14510.74    
           1          49          42  -17416.73    
           1          49          49  -72244.11    
           1          50          34  -36061.24    
           1          50          35  -11545.76    
           1          50          36  -10152.02    
           1          50          37  -30510.10    
           1          50          38  -137739.0    
           1          50          39  -53424.67    
           1          50          40  -59773.03    
           1          50          41  -49452.20    
           1          50          42  -65208.46    
           1          50          43  -7656.241    
           1          50          49  -53923.37    
           1          51          43  -53640.16    
           1          51          48  -13381.13    
           1          51          49  -29717.10    
           1          52          43  -53823.86    
           1          52          48  -5489.731    
           1          52          49  -201592.6    
           1          52          50  -38350.04    
           1          53          43  -42744.58    
           1          53          44  -7022.725    
           1          53          47  -13809.24    
           1          53          48  -42146.95    
           1          53          50  -52029.13    
           1          53          51  -51044.72    
           1          54          44  -27199.76    
           1          54          45  -27969.78    
           1          54          46  -31429.58    
           1          54          47  -26357.58    
           1          54          51  -33072.19    
           1          54          52  -57928.34    
           1          55          52  -66209.27    
           1          56          52  -8681.962    
           1          56          53  -59045.23    
           1          56          54  -75732.29    
           1          57          53  -4688.948    
           1          57          54  -46672.38    
           1          58          53  -50022.35    
           1          59          53  -37279.85    
           1          60          53  -35526.57    
           1          61          53  -4040.012    
           1          61          54  -46688.45    
           1          61          55  -42575.93    
           1          61          56  -11579.23    
           1          62          56  -58577.42    
           1          63          56  -34394.72    
           1          63          57  -20328.43    
           1          64          56  -39503.36    
           1          64          57  -6099.275    
           1          65          56  -30556.07    
           1          66          56  -27302.84    
           1          67          56  -23958.85    
           1          68          56  -12830.27    
           1          68          57  -4146.183    
           1          69          57  -21066.95    
           1          70          57  -1967.070    
           1          70          58  -11941.34    
           1          71          58  -10155.96    
           1          72          58  -5717.973    
           1          73          54  -12266.21    
           1          73          55  -14052.69    
           1          73          56  -7503.442    
           1          73          57  -3828.709    
           1          73          58  -3035.253    
           1          74          54  -6651.538    
           1          75          54  -2926.064    
           1          75          55  -3381.933    
           1          76          54  -5544.097    
           1          76          55  -35.90135    
           1          77          53  -11702.84    
           1          77          54  -1959.989    
           1          78          53   896.8088    
           1          78          54  -4391.220    
           1          78          55  -2845.051    
           1          79          55  -2302.277    
           1          79          56  -1326.150    
           1          80          56  -3863.994    
           1          81          56  -5941.083    
           1          82          56  -5320.563    
           1          83          56  -3931.450    
           1          84          53  -58.53885    
           1          84          54  -755.1489    
           1          84          55  -5744.432    
           1          84          56   636.8751    
           1          85          53  -5045.076    
           1          85          54  -9614.688    
           1          85          55   824.0795    
           1          86          53   1805.821    
           1          86          54  -432.5577    
           1          87          54  -772.2940    
           1          87          55  -19.44347    
           1          88          55  -1977.336    
           1          88          56  -940.2668    
           1          88          57  -2502.116    
           1          89          57  -112.8855    
           1          90          56  -1614.637    
           1          90          57   1057.287    
           1          91          54  -1500.092    
           1          91          55  -1699.286    
           1          91          56  -2285.229    
           1          92          54   1605.030    
           1          93          54   745.6544    
           1          93          55  -2915.033    
           1          93          56  -5575.345    
           1          93          57  -3604.300    
           1          94          57  -2843.797    
           1          94          58   1411.228    
           1          95          56  -2019.981    
           1          95          57   1879.859    
           1          96          56  -1684.683    
           1          96          57   2576.850    
           1          97          54   334.2620    
           1          97          55  -2578.824    
           1          97          57  -73.79253    
           1          97          58   1583.662    
           1          98          54  -2256.120    
           1          98          55  -2794.355    
           1          98          56   43.97719    
           1          98          57   2444.924    
           1          98          58   438.5676    
           1          99          54  -4388.562    
           1          99          55  -3181.082    
           1         100          54 -0.6848177    
           1         100          55  -10492.24    
           1         101          55   1107.202    
           1         101          56   1329.107    
           1         101          57  -2232.575    
           1         102          57  -884.4683    
           1         102          58  -6963.383    
           1         103          58   1521.674    
           1         103          59   98.51124    
           1         104          58  -5259.415    
 
 month:           6 year:        2005
 Layer, Row, Column, Rate
           1          25          17  -21343.29    
           1          25          18  -230248.2    
           1          26          18  -202153.6    
           1          26          19  -159311.5    
           1          27          19  -314297.1    
           1          27          20  -37084.43    
           1          28          20  -224499.9    
           1          28          21  -192812.9    
           1          29          21  -103766.4    
           1          29          22  -240306.1    
           1          30          22  -208580.3    
           1          31          22  -22240.51    
           1          31          23  -175235.7    
           1          32          22  -18969.47    
           1          32          23  -159529.4    
           1          33          22  -154798.3    
           1          34          22  -51146.80    
           1          34          23  -143853.5    
           1          35          23  -61846.13    
           1          35          24  -148749.7    
           1          36          23  -74763.02    
           1          36          24  -140843.0    
           1          36          25  -128608.5    
           1          36          26  -154978.4    
           1          36          27  -42012.93    
           1          37          27  -155843.5    
           1          37          56  -20755.40    
           1          37          57  -179047.0    
           1          38          27  -132608.1    
           1          38          55  -310504.3    
           1          38          56  -303884.3    
           1          39          27  -116242.7    
           1          39          55  -265995.2    
           1          40          25  -65245.77    
           1          40          26  -102978.4    
           1          40          27  -7090.516    
           1          40          55  -266367.7    
           1          41          25  -46424.13    
           1          41          26  -98874.53    
           1          41          27  -63080.80    
           1          41          33  -71939.64    
           1          41          53  -232900.7    
           1          41          54  -248009.2    
           1          41          55  -56942.96    
           1          42          27  -90580.34    
           1          42          33  -95616.42    
           1          42          34  -53834.76    
           1          42          52  -197731.8    
           1          42          53  -26181.21    
           1          43          27  -22461.77    
           1          43          28  -78313.66    
           1          43          34  -117928.5    
           1          43          52  -177598.0    
           1          44          28  -36744.70    
           1          44          29  -82726.93    
           1          44          30  -44900.80    
           1          44          34  -36205.99    
           1          44          35  -89653.95    
           1          44          52  -90892.78    
           1          44          53  -100113.7    
           1          45          30  -85219.16    
           1          45          35  -85360.09    
           1          45          53  -160291.7    
           1          46          30  -62781.62    
           1          46          35  -83895.83    
           1          46          51  -104866.0    
           1          46          52  -164687.6    
           1          46          53  -25942.44    
           1          47          30  -52215.95    
           1          47          31  -55226.32    
           1          47          32  -62187.17    
           1          47          35  -59630.33    
           1          47          50  -107163.0    
           1          47          51  -47510.50    
           1          48          32  -15637.67    
           1          48          33  -37693.09    
           1          48          35  -32749.44    
           1          48          36  -26291.93    
           1          48          49  -30832.65    
           1          48          50  -96835.52    
           1          49          33  -60905.84    
           1          49          34  -9808.988    
           1          49          35  -34159.91    
           1          49          36  -141274.0    
           1          49          37  -46434.65    
           1          49          38  -8302.275    
           1          49          41  -20682.88    
           1          49          42  -27996.46    
           1          49          49  -107413.2    
           1          50          34  -51130.27    
           1          50          35  -16688.55    
           1          50          36  -14537.92    
           1          50          37  -42793.90    
           1          50          38  -193476.8    
           1          50          39  -74582.62    
           1          50          40  -84389.90    
           1          50          41  -70872.36    
           1          50          42  -93853.55    
           1          50          43  -11557.46    
           1          50          49  -81022.25    
           1          51          43  -77008.95    
           1          51          48  -19932.55    
           1          51          49  -44555.21    
           1          52          43  -76936.16    
           1          52          48  -8065.588    
           1          52          49  -295515.1    
           1          52          50  -56676.46    
           1          53          43  -62779.42    
           1          53          44  -10230.05    
           1          53          47  -20560.30    
           1          53          48  -63357.96    
           1          53          50  -78218.23    
           1          53          51  -77610.08    
           1          54          44  -43459.65    
           1          54          45  -43695.74    
           1          54          46  -50535.75    
           1          54          47  -41422.76    
           1          54          51  -50674.71    
           1          54          52  -88991.08    
           1          55          52  -102999.1    
           1          56          52  -14768.65    
           1          56          53  -91512.97    
           1          56          54  -121229.8    
           1          57          53  -7357.433    
           1          57          54  -84904.63    
           1          58          53  -80240.05    
           1          59          53  -62339.80    
           1          60          53  -61879.19    
           1          61          53  -6996.244    
           1          61          54  -77571.05    
           1          61          55  -72135.23    
           1          61          56  -20853.91    
           1          62          56  -95487.16    
           1          63          56  -54718.96    
           1          63          57  -33843.23    
           1          64          56  -68374.34    
           1          64          57  -10738.56    
           1          65          56  -52399.57    
           1          66          56  -48166.70    
           1          67          56  -41654.86    
           1          68          56  -28474.74    
           1          68          57  -7434.809    
           1          69          57  -38257.40    
           1          70          57  -4579.042    
           1          70          58  -24613.06    
           1          71          58  -19975.97    
           1          72          58  -15143.89    
           1          73          54  -25534.35    
           1          73          55  -23745.73    
           1          73          56  -15986.15    
           1          73          57  -12438.55    
           1          73          58  -7938.432    
           1          74          54  -17049.82    
           1          75          54  -5869.415    
           1          75          55  -9935.380    
           1          76          54  -13123.27    
           1          76          55  -5398.997    
           1          77          53  -24715.22    
           1          77          54  -4148.805    
           1          78          53  -5695.192    
           1          78          54  -12454.41    
           1          78          55  -9408.449    
           1          79          55  -6128.531    
           1          79          56  -7311.890    
           1          80          56  -12153.06    
           1          81          56  -14222.24    
           1          82          56  -12430.63    
           1          83          56  -12076.44    
           1          84          53  -516.7723    
           1          84          54  -2071.169    
           1          84          55  -11950.23    
           1          84          56  -2137.202    
           1          85          53  -12744.89    
           1          85          54  -16988.18    
           1          85          55  -1913.225    
           1          86          53  -4926.916    
           1          86          54  -1240.005    
           1          87          54  -8740.488    
           1          87          55  -797.0386    
           1          88          55  -7472.124    
           1          88          56  -5652.601    
           1          88          57  -11222.00    
           1          89          57  -5888.378    
           1          90          56  -4541.339    
           1          90          57   1250.581    
           1          91          54  -5849.798    
           1          91          55  -5899.048    
           1          91          56  -5681.826    
           1          92          54  -2631.646    
           1          93          54  -784.7028    
           1          93          55  -6063.802    
           1          93          56  -8644.622    
           1          93          57  -6885.592    
           1          94          57  -4212.625    
           1          94          58   1818.193    
           1          95          56  -3132.002    
           1          95          57  -971.2733    
           1          96          56  -2830.255    
           1          96          57  -1177.233    
           1          97          54  -1788.723    
           1          97          55  -4859.876    
           1          97          57  -758.2206    
           1          97          58   1308.850    
           1          98          54  -4343.092    
           1          98          55  -4400.461    
           1          98          56  -3840.766    
           1          98          57   1338.107    
           1          98          58   229.9357    
           1          99          54  -6074.634    
           1          99          55  -4086.552    
           1         100          54  -315.5192    
           1         100          55  -13882.89    
           1         101          55   1426.492    
           1         101          56  -1636.168    
           1         101          57  -4353.270    
           1         102          57  -2463.251    
           1         102          58  -10240.86    
           1         103          58  -1324.716    
           1         103          59  -172.9517    
           1         104          58  -7104.854    
 
 month:           7 year:        2005
 Layer, Row, Column, Rate
           1          25          17  -16543.57    
           1          25          18  -179614.6    
           1          26          18  -157344.0    
           1          26          19  -124461.4    
           1          27          19  -244528.6    
           1          27          20  -29002.53    
           1          28          20  -174607.8    
           1          28          21  -150835.2    
           1          29          21  -80611.36    
           1          29          22  -187672.7    
           1          30          22  -162846.0    
           1          31          22  -17269.73    
           1          31          23  -136318.6    
           1          32          22  -14790.44    
           1          32          23  -124780.9    
           1          33          22  -119976.4    
           1          34          22  -39747.22    
           1          34          23  -113100.6    
           1          35          23  -48386.34    
           1          35          24  -116824.3    
           1          36          23  -57364.12    
           1          36          24  -110719.0    
           1          36          25  -102223.4    
           1          36          26  -124018.2    
           1          36          27  -33785.13    
           1          37          27  -125731.9    
           1          37          56  -15907.52    
           1          37          57  -136902.5    
           1          38          27  -106898.4    
           1          38          55  -239161.1    
           1          38          56  -233880.7    
           1          39          27  -93536.40    
           1          39          55  -206815.0    
           1          40          25  -51708.89    
           1          40          26  -83067.98    
           1          40          27  -5651.156    
           1          40          55  -208493.9    
           1          41          25  -36573.20    
           1          41          26  -80091.88    
           1          41          27  -51143.60    
           1          41          33  -60720.63    
           1          41          53  -184932.1    
           1          41          54  -195943.4    
           1          41          55  -44592.96    
           1          42          27  -73658.82    
           1          42          33  -81329.71    
           1          42          34  -45559.18    
           1          42          52  -159510.2    
           1          42          53  -20974.53    
           1          43          27  -18088.18    
           1          43          28  -64211.91    
           1          43          34  -101013.4    
           1          43          52  -143937.2    
           1          44          28  -29818.87    
           1          44          29  -68462.60    
           1          44          30  -37143.50    
           1          44          34  -31045.32    
           1          44          35  -77477.48    
           1          44          52  -74528.34    
           1          44          53  -81731.00    
           1          45          30  -71263.24    
           1          45          35  -74475.48    
           1          45          53  -131847.7    
           1          46          30  -52541.35    
           1          46          35  -73750.45    
           1          46          51  -88146.69    
           1          46          52  -137026.3    
           1          46          53  -21424.23    
           1          47          30  -43618.63    
           1          47          31  -46596.52    
           1          47          32  -52746.64    
           1          47          35  -52908.10    
           1          47          50  -91285.33    
           1          47          51  -39979.66    
           1          48          32  -13318.97    
           1          48          33  -31864.95    
           1          48          35  -29006.93    
           1          48          36  -23441.22    
           1          48          49  -26688.42    
           1          48          50  -82538.07    
           1          49          33  -52571.32    
           1          49          34  -8574.416    
           1          49          35  -30212.16    
           1          49          36  -126283.6    
           1          49          37  -41959.82    
           1          49          38  -7583.087    
           1          49          41  -19004.92    
           1          49          42  -25031.76    
           1          49          49  -92987.81    
           1          50          34  -44212.86    
           1          50          35  -14538.32    
           1          50          36  -12893.15    
           1          50          37  -38716.67    
           1          50          38  -177293.1    
           1          50          39  -69050.21    
           1          50          40  -78505.73    
           1          50          41  -65913.88    
           1          50          42  -86976.02    
           1          50          43  -10545.58    
           1          50          49  -70423.78    
           1          51          43  -72017.35    
           1          51          48  -17711.31    
           1          51          49  -39159.28    
           1          52          43  -73304.71    
           1          52          48  -7338.264    
           1          52          49  -266334.1    
           1          52          50  -50510.45    
           1          53          43  -60817.03    
           1          53          44  -9825.777    
           1          53          47  -19238.14    
           1          53          48  -58982.41    
           1          53          50  -71069.60    
           1          53          51  -69453.52    
           1          54          44  -42246.90    
           1          54          45  -42147.36    
           1          54          46  -48337.96    
           1          54          47  -39726.18    
           1          54          51  -46434.57    
           1          54          52  -80221.09    
           1          55          52  -94823.37    
           1          56          52  -13817.12    
           1          56          53  -84882.16    
           1          56          54  -110335.3    
           1          57          53  -6968.691    
           1          57          54  -77791.84    
           1          58          53  -77095.02    
           1          59          53  -60744.54    
           1          60          53  -61357.05    
           1          61          53  -7048.701    
           1          61          54  -76702.56    
           1          61          55  -69878.89    
           1          61          56  -19770.30    
           1          62          56  -92102.99    
           1          63          56  -53503.82    
           1          63          57  -32429.94    
           1          64          56  -67613.72    
           1          64          57  -10386.21    
           1          65          56  -52578.91    
           1          66          56  -49113.38    
           1          67          56  -43164.36    
           1          68          56  -30436.45    
           1          68          57  -7634.998    
           1          69          57  -40127.40    
           1          70          57  -4984.672    
           1          70          58  -25939.08    
           1          71          58  -21655.30    
           1          72          58  -17569.29    
           1          73          54  -28927.73    
           1          73          55  -26453.80    
           1          73          56  -18601.61    
           1          73          57  -15342.37    
           1          73          58  -9689.438    
           1          74          54  -20154.12    
           1          75          54  -6854.605    
           1          75          55  -12543.81    
           1          76          54  -15949.96    
           1          76          55  -7763.792    
           1          77          53  -29357.54    
           1          77          54  -5038.325    
           1          78          53  -8347.228    
           1          78          54  -15977.15    
           1          78          55  -12587.31    
           1          79          55  -8021.392    
           1          79          56  -10457.17    
           1          80          56  -16473.60    
           1          81          56  -18477.04    
           1          82          56  -16036.89    
           1          83          56  -16137.30    
           1          84          53  -773.5991    
           1          84          54  -2783.944    
           1          84          55  -15120.31    
           1          84          56  -3531.546    
