 MODFLOW River Stage (L) (for each River Cell)
 --Calculated from SWAT Channel Depth--
 
 Day:           1
 Channel depth, Cell Row, Cell Column
  0.0000000E+00          25          17
  0.0000000E+00          25          18
  0.0000000E+00          26          18
  0.0000000E+00          26          19
  0.0000000E+00          27          19
  0.0000000E+00          27          20
  0.0000000E+00          28          20
  0.0000000E+00          28          21
  0.0000000E+00          29          21
  0.0000000E+00          29          22
  0.0000000E+00          30          22
  0.0000000E+00          31          22
  0.0000000E+00          31          23
  0.0000000E+00          32          22
  0.0000000E+00          32          23
  0.0000000E+00          33          22
  0.0000000E+00          34          22
  0.0000000E+00          34          23
  0.0000000E+00          35          23
  0.0000000E+00          35          24
  0.0000000E+00          36          23
  0.0000000E+00          36          24
  0.0000000E+00          36          25
  0.0000000E+00          36          26
  0.0000000E+00          36          27
  0.0000000E+00          37          27
  0.0000000E+00          37          56
  0.0000000E+00          37          57
  0.0000000E+00          38          27
  0.0000000E+00          38          55
  0.0000000E+00          38          56
  0.0000000E+00          39          27
  0.0000000E+00          39          55
  0.0000000E+00          40          25
  0.0000000E+00          40          26
  0.0000000E+00          40          27
  0.0000000E+00          40          55
  0.0000000E+00          41          25
  0.0000000E+00          41          26
  0.0000000E+00          41          27
  0.0000000E+00          41          33
  0.0000000E+00          41          53
  0.0000000E+00          41          54
  0.0000000E+00          41          55
  0.0000000E+00          42          27
  0.0000000E+00          42          33
  0.0000000E+00          42          34
  0.0000000E+00          42          52
  0.0000000E+00          42          53
  0.0000000E+00          43          27
  0.0000000E+00          43          28
  0.0000000E+00          43          34
  0.0000000E+00          43          52
  0.0000000E+00          44          28
  0.0000000E+00          44          29
  0.0000000E+00          44          30
  0.0000000E+00          44          34
  0.0000000E+00          44          35
  0.0000000E+00          44          52
  0.0000000E+00          44          53
  0.0000000E+00          45          30
  0.0000000E+00          45          35
  0.0000000E+00          45          53
  0.0000000E+00          46          30
  0.0000000E+00          46          35
  0.0000000E+00          46          51
  0.0000000E+00          46          52
  0.0000000E+00          46          53
  0.0000000E+00          47          30
  0.0000000E+00          47          31
  0.0000000E+00          47          32
  0.0000000E+00          47          35
  0.0000000E+00          47          50
  0.0000000E+00          47          51
  0.0000000E+00          48          32
  0.0000000E+00          48          33
  0.0000000E+00          48          35
  0.0000000E+00          48          36
  0.0000000E+00          48          49
  0.0000000E+00          48          50
  0.0000000E+00          49          33
  0.0000000E+00          49          34
  0.0000000E+00          49          35
  0.0000000E+00          49          36
  0.0000000E+00          49          37
  0.0000000E+00          49          38
  0.0000000E+00          49          41
  0.0000000E+00          49          42
  0.0000000E+00          49          49
  0.0000000E+00          50          34
  0.0000000E+00          50          35
  0.0000000E+00          50          36
  0.0000000E+00          50          37
  0.0000000E+00          50          38
  0.0000000E+00          50          39
  0.0000000E+00          50          40
  0.0000000E+00          50          41
  0.0000000E+00          50          42
  0.0000000E+00          50          43
  0.0000000E+00          50          49
  0.0000000E+00          51          43
  0.0000000E+00          51          48
  0.0000000E+00          51          49
  0.0000000E+00          52          43
  0.0000000E+00          52          48
  0.0000000E+00          52          49
  0.0000000E+00          52          50
  0.0000000E+00          53          43
  0.0000000E+00          53          44
  0.0000000E+00          53          47
  0.0000000E+00          53          48
  0.0000000E+00          53          50
  0.0000000E+00          53          51
  0.0000000E+00          54          44
  0.0000000E+00          54          45
  0.0000000E+00          54          46
  0.0000000E+00          54          47
  0.0000000E+00          54          51
  0.0000000E+00          54          52
  0.0000000E+00          55          52
  0.0000000E+00          56          52
  0.0000000E+00          56          53
  0.0000000E+00          56          54
  0.0000000E+00          57          53
  0.0000000E+00          57          54
  0.0000000E+00          58          53
  0.0000000E+00          59          53
  0.0000000E+00          60          53
  0.0000000E+00          61          53
  0.0000000E+00          61          54
  0.0000000E+00          61          55
  0.0000000E+00          61          56
  0.0000000E+00          62          56
  0.0000000E+00          63          56
  0.0000000E+00          63          57
  0.0000000E+00          64          56
  0.0000000E+00          64          57
  0.0000000E+00          65          56
  0.0000000E+00          66          56
  0.0000000E+00          67          56
  0.0000000E+00          68          56
  0.0000000E+00          68          57
  0.0000000E+00          69          57
  0.0000000E+00          70          57
  0.0000000E+00          70          58
  0.0000000E+00          71          58
  0.0000000E+00          72          58
  0.0000000E+00          73          54
  0.0000000E+00          73          55
  0.0000000E+00          73          56
  0.0000000E+00          73          57
  0.0000000E+00          73          58
  0.0000000E+00          74          54
  0.0000000E+00          75          54
  0.0000000E+00          75          55
  0.0000000E+00          76          54
  0.0000000E+00          76          55
  0.0000000E+00          77          53
  0.0000000E+00          77          54
  0.0000000E+00          78          53
  0.0000000E+00          78          54
  0.0000000E+00          78          55
  0.0000000E+00          79          55
  0.0000000E+00          79          56
  0.0000000E+00          80          56
  0.0000000E+00          81          56
  0.0000000E+00          82          56
  0.0000000E+00          83          56
  0.0000000E+00          84          53
  0.0000000E+00          84          54
  0.0000000E+00          84          55
  0.0000000E+00          84          56
  0.0000000E+00          85          53
  0.0000000E+00          85          54
  0.0000000E+00          85          55
  0.0000000E+00          86          53
  0.0000000E+00          86          54
  0.0000000E+00          87          54
  0.0000000E+00          87          55
  0.0000000E+00          88          55
  0.0000000E+00          88          56
  0.0000000E+00          88          57
  0.0000000E+00          89          57
  0.0000000E+00          90          56
  0.0000000E+00          90          57
  0.0000000E+00          91          54
  0.0000000E+00          91          55
  0.0000000E+00          91          56
  0.0000000E+00          92          54
  0.0000000E+00          93          54
  0.0000000E+00          93          55
  0.0000000E+00          93          56
  0.0000000E+00          93          57
  0.0000000E+00          94          57
  0.0000000E+00          94          58
  0.0000000E+00          95          56
  0.0000000E+00          95          57
  0.0000000E+00          96          56
  0.0000000E+00          96          57
  0.0000000E+00          97          54
  0.0000000E+00          97          55
  0.0000000E+00          97          57
  0.0000000E+00          97          58
  0.0000000E+00          98          54
  0.0000000E+00          98          55
  0.0000000E+00          98          56
  0.0000000E+00          98          57
  0.0000000E+00          98          58
  0.0000000E+00          99          54
  0.0000000E+00          99          55
  0.0000000E+00         100          54
  0.0000000E+00         100          55
  0.0000000E+00         101          55
  0.0000000E+00         101          56
  0.0000000E+00         101          57
  0.0000000E+00         102          57
  0.0000000E+00         102          58
  0.0000000E+00         103          58
  0.0000000E+00         103          59
  0.0000000E+00         104          58
