 Monthly Averaged Recharge Values from SWAT
 
 month:           1 year:        2005
  9.1040105E-02
  9.1259018E-02
  0.2325476    
  0.1911499    
  0.1908492    
  5.5863287E-02
  5.5925220E-02
  0.1266661    
  0.1276149    
  4.1120052E-02
  4.1043941E-02
  0.1522555    
  0.1512427    
  5.1096439E-02
  0.2060800    
  0.2064101    
  0.3203807    
  0.2878813    
  0.2882217    
  0.6175386    
  0.1721448    
  0.1722580    
  0.2298560    
  0.2311432    
  0.1597619    
  0.1598872    
  0.2603430    
  0.1709824    
  0.1908492    
  0.1911573    
  9.1033392E-02
  9.1263816E-02
  0.4740826    
  0.1265923    
  0.1276420    
  3.1196125E-02
  3.1292871E-02
  0.1522555    
  0.1512427    
  5.1096439E-02
  2.4292357E-02
  1.7734630E-02
  0.1069470    
  0.1067199    
  0.1428289    
  0.1434200    
  5.2269738E-02
  5.1582716E-02
  6.8239588E-03
  6.8605756E-03
  5.7660546E-02
  0.0000000E+00
  0.0000000E+00
  0.0000000E+00
  0.5413408    
  0.2652934    
  0.2650505    
  6.0625512E-02
  6.0753282E-02
  0.1618076    
  0.1630863    
  0.2621735    
  0.2560312    
  0.4238611    
  0.4235763    
  0.7020891    
  0.7211809    
  0.2650661    
  0.2652875    
  0.5413837    
  0.1619700    
  0.1630271    
  0.5607319    
  0.2132536    
  0.2128137    
  0.1583579    
  0.1585367    
  0.4225274    
  0.4230449    
  8.0129661E-02
  8.0957025E-02
  0.2645812    
  0.2706037    
  0.1417643    
  0.1422625    
  0.1612615    
  0.1654485    
  0.6179989    
  0.6981691    
  0.2426095    
  0.2437567    
  0.7718826    
  0.7090523    
  0.6682078    
  0.8261352    
  0.8445256    
  0.8415475    
  0.3963338    
  0.4534715    
  0.5712550    
  6.8535127E-02
  6.9246262E-02
  0.5599816    
  0.5475299    
  0.5913756    
  0.5827076    
  0.3001589    
  0.3004290    
  0.1466201    
  0.1453349    
  0.7333092    
  0.7208641    
  0.7169670    
  0.7525918    
  0.7499215    
  0.4567366    
  0.5713000    
  0.5599319    
  0.5570025    
  0.5908284    
  0.5888322    
  0.3001589    
  0.1954616    
  0.1945492    
  0.7572884    
  0.7809311    
  0.7674584    
  0.7447999    
  0.7258393    
  0.4862033    
  0.4865286    
  0.7789500    
  0.7663414    
  0.7462512    
  0.5105048    
  0.5101529    
  0.8012156    
  0.7904010    
  0.4244944    
  0.4248007    
  0.6948426    
  0.7178376    
  0.7153245    
  0.6668770    
  0.6823900    
  0.4600844    
  0.4976296    
  0.2801472    
  0.2804101    
  0.5453878    
  0.5679125    
  0.5595845    
  0.5198275    
  0.5341069    
  0.5453660    
  0.2804042    
  0.2801552    
  0.5673553    
  0.5653120    
  0.5340593    
  0.5225982    
  0.5518651    
  0.6087882    
  0.6514376    
  0.1212709    
  8.5891522E-02
  8.6037338E-02
  0.4117773    
  0.4120711    
  0.5572503    
  0.6082210    
  0.6702026    
  0.6591099    
  0.5445486    
  0.5266778    
  0.9344488    
  0.8823625    
  0.7602463    
  0.3092708    
  0.3104169    
  0.2665128    
  0.2663420    
  0.8818269    
  0.8078287    
  0.9513537    
  0.9484633    
  0.8086362    
  0.7863302    
  0.9642442    
  0.9491421    
  0.9105081    
  0.7237111    
  0.3301731    
  0.9804216    
  0.9669027    
  0.8269807    
  0.9107839    
  0.8379741    
  0.8145633    
 
 month:           2 year:        2005
  0.6337908    
  0.6349860    
  0.9279122    
  0.8541189    
  0.8526079    
  0.5731886    
  0.5735533    
  0.7098185    
  0.7132108    
  0.4965495    
  0.4961727    
  0.7291287    
  0.7255207    
  0.5479594    
  0.9360101    
  0.9377068    
   1.204283    
   1.146695    
   1.148529    
   1.694518    
  0.9203220    
  0.9208794    
  0.9723410    
  0.9767247    
  0.8210219    
  0.8215988    
   1.011564    
  0.8592386    
  0.8526079    
  0.8541610    
  0.6337546    
  0.6350130    
   1.367773    
  0.7095555    
  0.7133096    
  0.5083362    
  0.5089047    
  0.7291287    
  0.7255207    
  0.5479594    
  0.5199878    
  0.4955293    
  0.5968661    
  0.5956501    
  0.6749682    
  0.6778719    
  0.5234150    
  0.5208365    
  0.3873590    
  0.3881535    
  0.4932108    
  0.2587315    
  0.2600904    
  0.2600904    
   1.563709    
   1.200261    
   1.199511    
  0.7772458    
  0.7779717    
   1.110475    
   1.115904    
   1.309096    
   1.278185    
   1.627090    
   1.626209    
   1.987592    
   2.043027    
   1.199560    
   1.200243    
   1.563832    
   1.111163    
   1.115647    
   1.619037    
   1.095189    
   1.091704    
  0.8925713    
  0.8931231    
   1.260179    
   1.261738    
  0.8161111    
  0.8197726    
  0.9831520    
   1.002055    
  0.8100369    
  0.8130202    
  0.9549545    
  0.9785889    
   1.752843    
   1.968254    
   1.395724    
   1.400501    
   2.094352    
   1.924847    
   1.814618    
   2.237898    
   2.291360    
   2.283292    
   1.195780    
   1.353846    
   1.605238    
  0.8327811    
  0.8361948    
   1.569153    
   1.533856    
   1.664751    
   1.640440    
   1.218868    
   1.219688    
   1.059587    
   1.054221    
   2.003461    
   1.965419    
   1.954676    
   2.059668    
   2.052375    
   1.615636    
   1.605366    
   1.569011    
   1.560707    
   1.663217    
   1.657618    
   1.218868    
   1.129797    
   1.126135    
   1.999570    
   2.055753    
   2.020271    
   1.961754    
   1.911060    
   1.584486    
   1.585443    
   2.053228    
   2.015082    
   1.961473    
   1.643302    
   1.642273    
   2.105581    
   2.077146    
   1.446620    
   1.447524    
   1.857466    
   1.911955    
   1.905262    
   1.777374    
   1.819374    
   1.272689    
   1.375664    
   1.110877    
   1.111660    
   1.518178    
   1.576042    
   1.552941    
   1.441219    
   1.481460    
   1.518118    
   1.111642    
   1.110901    
   1.574496    
   1.568829    
   1.481327    
   1.449027    
   1.219115    
   1.349053    
   1.487755    
  0.6261147    
  0.5630142    
  0.5636243    
   1.070432    
   1.071155    
   1.231401    
   1.347757    
   1.541491    
   1.515352    
   1.209709    
   1.169781    
   1.939288    
   1.797671    
   1.542108    
   1.068934    
   1.072714    
   1.032884    
   1.032186    
   1.796549    
   1.641629    
   1.989837    
   1.983655    
   1.648800    
   1.602286    
   1.975640    
   1.943959    
   1.833927    
   1.447613    
   1.095761    
   2.024707    
   1.996157    
   1.661042    
   1.834498    
   1.688419    
   1.640131    
 
 month:           3 year:        2005
  0.6513115    
  0.6523405    
  0.8326961    
  0.7577974    
  0.7563782    
  0.4972386    
  0.4975250    
  0.7254469    
  0.7285135    
  0.4374300    
  0.4371324    
  0.7010027    
  0.6978156    
  0.5458915    
  0.9771877    
  0.9786986    
   1.157926    
   1.116927    
   1.118973    
   1.918116    
  0.8669226    
  0.8673964    
  0.9888834    
  0.9928204    
  0.7860561    
  0.7865593    
  0.9917796    
  0.8953443    
  0.7563782    
  0.7578369    
  0.6512802    
  0.6523639    
   1.574372    
  0.7252093    
  0.7286035    
  0.4961094    
  0.4965578    
  0.7010027    
  0.6978156    
  0.5458915    
  0.5909800    
  0.5682568    
  0.4702357    
  0.4692862    
  0.5625293    
  0.5649689    
  0.5123500    
  0.5101348    
  0.3718123    
  0.3724050    
  0.4353749    
  0.2429812    
  0.2439510    
  0.2439510    
   1.453351    
  0.9064740    
  0.9057924    
  0.4183226    
  0.4187560    
  0.6513709    
  0.6548614    
  0.8063788    
  0.7851669    
   1.249445    
   1.248620    
   1.773691    
   1.843323    
  0.9058363    
  0.9064574    
   1.453469    
  0.6518130    
  0.6546937    
   1.523944    
  0.7600010    
  0.7570907    
  0.6113043    
  0.6117301    
   1.189954    
   1.191505    
  0.4537761    
  0.4560880    
  0.7774689    
  0.7944152    
  0.5121784    
  0.5144802    
  0.5394626    
  0.5541153    
   1.544231    
   1.750953    
   1.095585    
   1.099328    
   1.905497    
   1.746592    
   1.643364    
   2.085477    
   2.152337    
   2.144659    
   1.071016    
   1.227135    
   1.593556    
  0.5901833    
  0.5927045    
   1.550362    
   1.514846    
   1.665208    
   1.640587    
   1.046606    
   1.047382    
  0.8045967    
  0.8003134    
   1.923016    
   1.880895    
   1.870431    
   1.991443    
   1.984304    
   1.402073    
   1.593684    
   1.550221    
   1.541865    
   1.663654    
   1.657983    
   1.046606    
   1.223221    
   1.219504    
   2.260746    
   2.341553    
   2.300742    
   2.217334    
   2.159795    
   1.711359    
   1.712515    
   2.270791    
   2.227029    
   2.167443    
   1.725628    
   1.724410    
   2.348453    
   2.316391    
   1.546137    
   1.547148    
   2.097899    
   2.176241    
   2.168542    
   2.006432    
   2.054067    
   1.433953    
   1.552574    
   1.162405    
   1.163238    
   1.737985    
   1.818956    
   1.791988    
   1.648037    
   1.694257    
   1.737915    
   1.163219    
   1.162430    
   1.817152    
   1.810535    
   1.694103    
   1.657004    
   1.377866    
   1.521070    
   1.672606    
  0.6954130    
  0.5834301    
  0.5839179    
   1.189731    
   1.190531    
   1.391412    
   1.519643    
   1.743762    
   1.714236    
   1.351598    
   1.307608    
   2.254802    
   2.102189    
   1.809077    
   1.257625    
   1.261683    
   1.169241    
   1.168551    
   2.100903    
   1.923269    
   2.321656    
   2.314463    
   1.959258    
   1.905364    
   2.265657    
   2.229367    
   2.115546    
   1.677828    
   1.305864    
   2.331956    
   2.299144    
   1.919766    
   2.116193    
   1.992177    
   1.936565    
 
 month:           4 year:        2005
  1.8436324E-02
  1.8465493E-02
  2.2500543E-02
  2.0407755E-02
  2.0370847E-02
  1.4460804E-02
  1.4468990E-02
  2.0264389E-02
  2.0346502E-02
  1.2920178E-02
  1.2911730E-02
  1.9631658E-02
  1.9545998E-02
  1.5623761E-02
  2.7064368E-02
  2.7105536E-02
  5.2858356E-02
  4.7334041E-02
  4.7500856E-02
  0.1971628    
  2.4308676E-02
  2.4321698E-02
  2.7193619E-02
  2.7297255E-02
  2.2504194E-02
  2.2517992E-02
  2.7287496E-02
  2.5118804E-02
  2.0370847E-02
  2.0408794E-02
  1.8435439E-02
  1.8466167E-02
  0.1641580    
  2.0258037E-02
  2.0348964E-02
  1.4265812E-02
  1.4278609E-02
  1.9631658E-02
  1.9545998E-02
  1.5623761E-02
  1.7123317E-02
  1.6514460E-02
  1.2686274E-02
  1.2661160E-02
  1.5283942E-02
  1.5348987E-02
  1.4632387E-02
  1.4572489E-02
  1.0752589E-02
  1.0769466E-02
  1.2418577E-02
  7.3880535E-03
  7.4141533E-03
  7.4141533E-03
  0.1588009    
  6.3234717E-02
  6.3164204E-02
  1.0541437E-02
  1.0552394E-02
  1.6131023E-02
  1.6213100E-02
  2.2761511E-02
  2.1438435E-02
  9.5356569E-02
  9.5276356E-02
  0.1904968    
  0.1974883    
  6.3168772E-02
  6.3233025E-02
  0.1588140    
  1.6141396E-02
  1.6209073E-02
  0.1658076    
  1.8316634E-02
  1.8248042E-02
  3.8227063E-02
  3.8276304E-02
  0.1340513    
  0.1342261    
  1.1431012E-02
  1.1485423E-02
  6.4413697E-02
  6.6184796E-02
  1.2347693E-02
  1.2401582E-02
  1.2709213E-02
  1.3049774E-02
  0.1303353    
  0.1502508    
  2.7589399E-02
  2.7681248E-02
  0.1757706    
  0.1605095    
  0.1506091    
  0.2276098    
  0.2653551    
  0.2642502    
  8.8858604E-02
  0.1043988    
  0.1714830    
  1.5226531E-02
  1.5288347E-02
  0.1536826    
  0.1487041    
  0.2096119    
  0.2058743    
  6.0329657E-02
  6.0401373E-02
  2.0263534E-02
  2.0159829E-02
  0.2089752    
  0.1910748    
  0.1896525    
  0.2468051    
  0.2457624    
  9.0993300E-02
  0.1715012    
  0.1536627    
  0.1524903    
  0.2093759    
  0.2085148    
  6.0329657E-02
  3.1016588E-02
  3.0924801E-02
  0.4017499    
  0.4433354    
  0.4349510    
  0.3830320    
  0.3716735    
  0.1003661    
  0.1004589    
  0.4014911    
  0.3826966    
  0.3709918    
  0.1007019    
  0.1006054    
  0.4426673    
  0.4361064    
  8.5245550E-02
  8.5326500E-02
  0.3719895    
  0.4131278    
  0.4115328    
  0.3437791    
  0.3532354    
  0.1870062    
  0.2084397    
  5.4342989E-02
  5.4414533E-02
  0.3132900    
  0.3545194    
  0.3487239    
  0.2852206    
  0.2947142    
  0.3132758    
  5.4412898E-02
  5.4345157E-02
  0.3541315    
  0.3527096    
  0.2946825    
  0.2870614    
  0.1795056    
  0.1983259    
  0.2472495    
  1.7157888E-02
  1.4377155E-02
  1.4388930E-02
  0.1152490    
  0.1153477    
  0.1812855    
  0.1981383    
  0.2727571    
  0.2677885    
  0.1745195    
  0.1685909    
  0.3323886    
  0.2731120    
  0.2348005    
  3.1089369E-02
  3.1188264E-02
  2.8904976E-02
  2.8887460E-02
  0.2729440    
  0.2497241    
  0.3579590    
  0.3567805    
  0.2491589    
  0.2420785    
  0.3324335    
  0.3266884    
  0.2732671    
  0.2163715    
  3.2389734E-02
  0.3577955    
  0.3524434    
  0.2478142    
  0.2733512    
  0.2500840    
  0.2428632    
 
 month:           5 year:        2005
  1.3128160E-02
  1.3186402E-02
  0.5301837    
  0.4861244    
  0.4851619    
  3.2863135E-03
  3.3017478E-03
  3.2401826E-02
  3.2673046E-02
  1.7261966E-03
  1.7107711E-03
  6.6035174E-02
  6.5303646E-02
  1.8547358E-03
  5.9287500E-02
  5.9483711E-02
  0.8037825    
  0.7679667    
  0.7693200    
   1.317333    
  5.0286531E-02
  5.0361216E-02
  0.1153013    
  0.1162676    
  3.5800021E-02
  3.5875596E-02
  0.2261197    
  3.7672427E-02
  0.4851619    
  0.4861486    
  1.3126326E-02
  1.3187654E-02
   1.015091    
  3.2380667E-02
  3.2680232E-02
  3.0730534E-03
  3.0979763E-03
  6.6035174E-02
  6.5303631E-02
  1.8547358E-03
  2.7793169E-03
  6.0413423E-04
  0.2514271    
  0.2507695    
  0.3003661    
  0.3020192    
  7.5740367E-03
  7.3736655E-03
  1.9103169E-04
  1.9133152E-04
  1.1719326E-02
  1.3125697E-04
  1.3172065E-04
  1.3172065E-04
   1.149697    
  0.6422427    
  0.6419059    
  1.8728033E-04
  1.8747497E-04
  2.1206953E-02
  2.1521932E-02
  0.6106196    
  0.5949176    
  0.9412318    
  0.9408101    
   1.486781    
   1.566895    
  0.6419277    
  0.6422344    
   1.149791    
  2.1247100E-02
  2.1507846E-02
   1.242258    
  0.5970694    
  0.5946823    
  0.3868824    
  0.3870973    
  0.8874836    
  0.8885965    
  2.0308456E-04
  2.0405128E-04
  0.4784411    
  0.4875969    
  0.3504821    
  0.3522201    
  0.3538234    
  0.3639920    
   1.249538    
   1.412979    
  0.3797773    
  0.3822841    
   1.634482    
   1.498394    
   1.410003    
   1.815019    
   1.890418    
   1.883692    
  0.7182263    
  0.8189776    
   1.275019    
  1.6106002E-02
  1.6294967E-02
   1.227781    
   1.199182    
   1.387957    
   1.367352    
  0.6185741    
  0.6189540    
  5.9448302E-02
  5.7240669E-02
   1.647962    
   1.603537    
   1.594553    
   1.739976    
   1.733735    
  0.9848171    
   1.275123    
   1.227667    
   1.220934    
   1.386656    
   1.381909    
  0.6185741    
  0.5671232    
  0.5642478    
   1.871254    
   1.956943    
   1.923229    
   1.819745    
   1.772737    
   1.316954    
   1.317563    
   1.942233    
   1.902304    
   1.851743    
   1.368783    
   1.368076    
   2.010845    
   1.983736    
   1.074113    
   1.074697    
   1.765908    
   1.849128    
   1.842657    
   1.682733    
   1.722601    
   1.040985    
   1.128618    
  0.6659236    
  0.6663085    
   1.369420    
   1.471132    
   1.449522    
   1.285085    
   1.321284    
   1.369365    
  0.6662999    
  0.6659355    
   1.469686    
   1.464384    
   1.321163    
   1.292108    
   1.000235    
   1.109325    
   1.380431    
  0.1163276    
  1.7155757E-02
  1.7178928E-02
  0.7074706    
  0.7076961    
   1.010546    
   1.108235    
   1.533413    
   1.507271    
  0.8936673    
  0.8643032    
   1.915273    
   1.722366    
   1.478231    
  0.7446437    
  0.7482108    
  0.5770613    
  0.5767336    
   1.721295    
   1.573310    
   2.034455    
   2.028014    
   1.508990    
   1.466696    
   2.033580    
   2.000884    
   1.821608    
   1.438547    
  0.6551858    
   2.146931    
   2.116575    
   1.650174    
   1.822174    
   1.592514    
   1.546610    
 
 month:           6 year:        2005
  9.1044948E-02
  9.1455489E-02
  0.5451254    
  0.4796908    
  0.4788167    
  3.7863456E-02
  3.8003381E-02
  0.2278911    
  0.2298097    
  1.5550244E-02
  1.5393177E-02
  0.2863249    
  0.2844927    
  1.1221554E-02
  0.3627895    
  0.3634577    
  0.7901845    
  0.7518497    
  0.7531142    
   1.088072    
  0.2970166    
  0.2972679    
  0.4421167    
  0.4445123    
  0.2725883    
  0.2728616    
  0.5052973    
  0.2854110    
  0.4788168    
  0.4797136    
  9.1032006E-02
  9.1465518E-02
  0.8307016    
  0.2277414    
  0.2298605    
  2.7464008E-02
  2.7694488E-02
  0.2863249    
  0.2844926    
  1.1221554E-02
  1.7608250E-02
  2.2148439E-03
  0.2399414    
  0.2393876    
  0.3261812    
  0.3277358    
  5.2022871E-02
  5.0605368E-02
  2.9604255E-06
  2.9650712E-06
  8.1783749E-02
  1.9478164E-06
  1.9546976E-06
  1.9546976E-06
  0.7965325    
  0.5001419    
  0.4998335    
  2.9022901E-06
  2.9053078E-06
  0.1487929    
  0.1510227    
  0.4882708    
  0.4757110    
  0.7213015    
  0.7209297    
   1.035910    
   1.083180    
  0.4998534    
  0.5001343    
  0.7965950    
  0.1490771    
  0.1509230    
  0.8470437    
  0.4926220    
  0.4907043    
  0.3065766    
  0.3067782    
  0.6124877    
  0.6132296    
  3.1810887E-06
  3.1962304E-06
  0.3793952    
  0.3875121    
  0.2930008    
  0.2943978    
  0.2811353    
  0.2893275    
  0.9945357    
   1.118289    
  0.5802890    
  0.5827388    
   1.202118    
   1.105494    
   1.042655    
   1.273185    
   1.297180    
   1.292693    
  0.6148751    
  0.6988558    
  0.8862944    
  0.1126283    
  0.1139645    
  0.8672443    
  0.8482343    
  0.9350259    
  0.9216545    
  0.5641629    
  0.5644972    
  0.2337972    
  0.2310472    
   1.152737    
   1.132693    
   1.126643    
   1.195941    
   1.191783    
  0.8075401    
  0.8863634    
  0.8671681    
  0.8626959    
  0.9341825    
  0.9311004    
  0.5641629    
  0.7809198    
  0.7781671    
   1.491753    
   1.518036    
   1.492598    
   1.474891    
   1.438178    
   1.218406    
   1.218965    
   1.523207    
   1.507237    
   1.468568    
   1.271538    
   1.270899    
   1.546167    
   1.525887    
   1.015934    
   1.016515    
   1.375669    
   1.417974    
   1.413151    
   1.324751    
   1.354835    
  0.8770521    
  0.9460385    
  0.6812493    
  0.6816100    
   1.038435    
   1.087364    
   1.071927    
  0.9914887    
   1.017951    
   1.038395    
  0.6816021    
  0.6812606    
   1.086331    
   1.082542    
   1.017862    
  0.9966237    
  0.8961272    
  0.9870871    
   1.080619    
  0.2575326    
  0.1364120    
  0.1366868    
  0.7288094    
  0.7291728    
  0.9047350    
  0.9861810    
   1.130825    
   1.112245    
  0.8918226    
  0.8636948    
   1.571496    
   1.483092    
   1.280389    
  0.8517063    
  0.8547584    
  0.6998651    
  0.6995587    
   1.482195    
   1.359170    
   1.597471    
   1.592634    
   1.355523    
   1.319313    
   1.609452    
   1.584448    
   1.533292    
   1.222144    
  0.8552318    
   1.634210    
   1.611842    
   1.394208    
   1.533751    
   1.436893    
   1.398092    
 
 month:           7 year:        2005
  0.2638890    
  0.2646098    
  0.7851290    
  0.6839248    
  0.6827513    
  0.1699023    
  0.1700726    
  0.4275270    
  0.4296168    
  0.1525750    
  0.1523877    
  0.4339672    
  0.4314064    
  0.1771575    
  0.5188376    
  0.5198274    
   1.149342    
   1.064236    
   1.065948    
   1.596555    
  0.4193936    
  0.4196775    
  0.7212951    
  0.7248529    
  0.3939973    
  0.3943293    
  0.7779589    
  0.4366831    
  0.6827513    
  0.6839559    
  0.2638667    
  0.2646261    
   1.256059    
  0.4273643    
  0.4296766    
  0.1708497    
  0.1711685    
  0.4339672    
  0.4314064    
  0.1771575    
  0.2194351    
  0.2012502    
  0.3811648    
  0.3803977    
  0.4792980    
  0.4813767    
  0.2252034    
  0.2235600    
  2.3169355E-02
  2.3502478E-02
  0.2059015    
  0.0000000E+00
  0.0000000E+00
  0.0000000E+00
   1.433404    
  0.9717109    
  0.9713213    
  0.3121969    
  0.3125122    
  0.7341960    
  0.7384584    
   1.042786    
   1.018456    
   1.454426    
   1.453918    
   1.875233    
   1.958267    
  0.9713467    
  0.9717011    
   1.433517    
  0.7347387    
  0.7382664    
   1.533521    
   1.024163    
   1.020680    
  0.5832871    
  0.5835457    
   1.088219    
   1.089538    
  0.3848629    
  0.3873837    
  0.6693395    
  0.6797116    
  0.6186754    
  0.6210768    
  0.6289305    
  0.6445609    
   1.337023    
   1.499892    
  0.9502919    
  0.9539494    
   1.653315    
   1.521884    
   1.436382    
   1.719845    
   1.774154    
   1.768000    
  0.7441191    
  0.8428165    
   1.258415    
  0.3342815    
  0.3358481    
   1.206399    
   1.179631    
   1.343539    
   1.324171    
  0.8948326    
  0.8952951    
  0.5610541    
  0.5572137    
   1.644966    
   1.598710    
   1.590097    
   1.710009    
   1.704025    
   1.332672    
   1.258515    
   1.206292    
   1.199993    
   1.342317    
   1.337857    
  0.8948326    
  0.4229857    
  0.4209406    
   1.344669    
   1.417436    
   1.392660    
   1.317055    
   1.282944    
   1.082332    
   1.082963    
   1.397158    
   1.369376    
   1.332903    
   1.095083    
   1.094410    
   1.458268    
   1.438344    
  0.9171808    
  0.9177658    
   1.276327    
   1.342676    
   1.337852    
   1.211963    
   1.241254    
  0.7727180    
  0.8376669    
  0.6358896    
  0.6363310    
   1.010983    
   1.089059    
   1.072569    
  0.9388341    
  0.9652685    
   1.010941    
  0.6363209    
  0.6359031    
   1.087955    
   1.083910    
  0.9651806    
  0.9439629    
  0.7002605    
  0.7751620    
  0.8667220    
  4.5753513E-03
  2.4235102E-03
  2.4283926E-03
  0.5091699    
  0.5095592    
  0.7073444    
  0.7744164    
  0.9259465    
  0.9095868    
  0.6930401    
  0.6693172    
   1.216524    
   1.128450    
  0.9722543    
  0.1526762    
  0.1542878    
  8.1504479E-02
  8.1250079E-02
   1.127768    
   1.033186    
   1.255272    
   1.251353    
   1.047477    
